Date,Total,Mon,Tue,Wed,Thu,Fri,Sat,Sun,holiday,daylight_hrs,PRCP,Temp (C),dry day
2012-10-03,7042.0,0.0,0.0,1.0,0.0,0.0,0.0,0.0,0.0,11.27735923649675,0.0,13.35,1.0
2012-10-04,6950.0,0.0,0.0,0.0,1.0,0.0,0.0,0.0,0.0,11.219141593709272,0.0,13.6,1.0
2012-10-05,6296.0,0.0,0.0,0.0,0.0,1.0,0.0,0.0,0.0,11.16103751014155,0.0,15.3,1.0
2012-10-06,4012.0,0.0,0.0,0.0,0.0,0.0,1.0,0.0,0.0,11.103056478579873,0.0,15.85,1.0
2012-10-07,4284.0,0.0,0.0,0.0,0.0,0.0,0.0,1.0,0.0,11.045208198323877,0.0,15.85,1.0
2012-10-08,7074.0,1.0,0.0,0.0,0.0,0.0,0.0,0.0,1.0,10.987502588667526,0.0,14.450000000000001,1.0
2012-10-09,7002.0,0.0,1.0,0.0,0.0,0.0,0.0,0.0,0.0,10.92994980215941,0.0,12.5,1.0
2012-10-10,6470.0,0.0,0.0,1.0,0.0,0.0,0.0,0.0,0.0,10.872560237618186,0.0,10.25,1.0
2012-10-11,6094.0,0.0,0.0,0.0,1.0,0.0,0.0,0.0,0.0,10.81534455287898,0.0,10.55,1.0
2012-10-12,4022.0,0.0,0.0,0.0,0.0,1.0,0.0,0.0,0.0,10.758313677241961,0.07874015748031496,11.4,0.0
2012-10-13,1532.0,0.0,0.0,0.0,0.0,0.0,1.0,0.0,0.0,10.701478823595552,0.1889763779527559,13.899999999999999,0.0
2012-10-14,1396.0,0.0,0.0,0.0,0.0,0.0,0.0,1.0,0.0,10.64485150018159,0.6496062992125984,15.55,0.0
2012-10-15,4546.0,1.0,0.0,0.0,0.0,0.0,0.0,0.0,0.0,10.588443521970554,0.3110236220472441,14.149999999999999,0.0
2012-10-16,6072.0,0.0,1.0,0.0,0.0,0.0,0.0,0.0,0.0,10.53226702161101,0.0,12.200000000000001,1.0
2012-10-17,6486.0,0.0,0.0,1.0,0.0,0.0,0.0,0.0,0.0,10.476334459915442,0.0,10.25,1.0
2012-10-18,5846.0,0.0,0.0,0.0,1.0,0.0,0.0,0.0,0.0,10.420658635843873,0.8188976377952756,12.25,0.0
2012-10-19,3954.0,0.0,0.0,0.0,0.0,1.0,0.0,0.0,0.0,10.365252695942027,0.1889763779527559,12.2,0.0
2012-10-20,2136.0,0.0,0.0,0.0,0.0,0.0,1.0,0.0,0.0,10.310130143190996,0.01968503937007874,8.6,0.0
2012-10-21,1978.0,0.0,0.0,0.0,0.0,0.0,0.0,1.0,0.0,10.255304845221401,0.25196850393700787,8.05,0.0
2012-10-22,4258.0,1.0,0.0,0.0,0.0,0.0,0.0,0.0,0.0,10.200791041843253,0.35039370078740156,5.55,0.0
2012-10-23,5000.0,0.0,1.0,0.0,0.0,0.0,0.0,0.0,0.0,10.146603351840627,0.0,8.35,1.0
2012-10-24,4858.0,0.0,0.0,1.0,0.0,0.0,0.0,0.0,0.0,10.092756778978623,0.2795275590551181,8.899999999999999,0.0
2012-10-25,5426.0,0.0,0.0,0.0,1.0,0.0,0.0,0.0,0.0,10.039266717165974,0.0,9.2,1.0
2012-10-26,4146.0,0.0,0.0,0.0,0.0,1.0,0.0,0.0,0.0,9.986148954718034,0.05905511811023622,9.15,0.0
2012-10-27,1062.0,0.0,0.0,0.0,0.0,0.0,1.0,0.0,0.0,9.93341967765911,0.9094488188976378,11.9,0.0
2012-10-28,2124.0,0.0,0.0,0.0,0.0,0.0,0.0,1.0,0.0,9.881095472004354,0.24015748031496062,12.2,0.0
2012-10-29,4434.0,1.0,0.0,0.0,0.0,0.0,0.0,0.0,0.0,9.829193324959155,0.42913385826771655,12.8,0.0
2012-10-30,3470.0,0.0,1.0,0.0,0.0,0.0,0.0,0.0,0.0,9.777730624970994,1.358267716535433,13.6,0.0
2012-10-31,3420.0,0.0,0.0,1.0,0.0,0.0,0.0,0.0,0.0,9.72672516057111,0.5708661417322834,13.35,0.0
2012-11-01,4182.0,0.0,0.0,0.0,1.0,0.0,0.0,0.0,0.0,9.676195117938608,0.38188976377952755,12.8,0.0
2012-11-02,4956.0,0.0,0.0,0.0,0.0,1.0,0.0,0.0,0.0,9.62615907712223,0.2204724409448819,12.8,0.0
2012-11-03,1904.0,0.0,0.0,0.0,0.0,0.0,1.0,0.0,0.0,9.57663600685421,0.01968503937007874,13.35,0.0
2012-11-04,2022.0,0.0,0.0,0.0,0.0,0.0,0.0,1.0,0.0,9.527645257889912,0.3188976377952756,15.3,0.0
2012-11-05,5620.0,1.0,0.0,0.0,0.0,0.0,0.0,0.0,0.0,9.479206554809723,0.031496062992125984,11.4,0.0
2012-11-06,4986.0,0.0,1.0,0.0,0.0,0.0,0.0,0.0,0.0,9.431339986219832,0.011811023622047244,9.75,0.0
2012-11-07,5438.0,0.0,0.0,1.0,0.0,0.0,0.0,0.0,0.0,9.38406599329054,0.0,8.049999999999999,1.0
2012-11-08,5382.0,0.0,0.0,0.0,1.0,0.0,0.0,0.0,0.0,9.3374053565747,0.0,5.55,1.0
2012-11-09,4812.0,0.0,0.0,0.0,0.0,1.0,0.0,0.0,0.0,9.29137918105015,0.0,5.0,1.0
2012-11-10,2538.0,0.0,0.0,0.0,0.0,0.0,1.0,0.0,0.0,9.24600887933607,0.0,3.6,1.0
2012-11-11,1256.0,0.0,0.0,0.0,0.0,0.0,0.0,1.0,0.0,9.201316153036755,0.5984251968503937,5.0,0.0
2012-11-12,3262.0,1.0,0.0,0.0,0.0,0.0,0.0,0.0,1.0,9.157322972171775,0.14173228346456693,9.45,0.0
2012-11-13,4174.0,0.0,1.0,0.0,0.0,0.0,0.0,0.0,0.0,9.114051552659358,0.20866141732283464,9.45,0.0
2012-11-14,5200.0,0.0,0.0,1.0,0.0,0.0,0.0,0.0,0.0,9.071524331824884,0.031496062992125984,8.05,0.0
2012-11-15,5040.0,0.0,0.0,0.0,1.0,0.0,0.0,0.0,0.0,9.029763941917112,0.0,6.1,1.0
2012-11-16,4012.0,0.0,0.0,0.0,0.0,1.0,0.0,0.0,0.0,8.988793181621284,0.2204724409448819,5.800000000000001,0.0
2012-11-17,1280.0,0.0,0.0,0.0,0.0,0.0,1.0,0.0,0.0,8.948634985570447,0.24015748031496062,9.149999999999999,0.0
2012-11-18,784.0,0.0,0.0,0.0,0.0,0.0,0.0,1.0,0.0,8.909312391865862,0.3110236220472441,8.05,0.0
2012-11-19,1934.0,1.0,0.0,0.0,0.0,0.0,0.0,0.0,0.0,8.870848507629201,2.12992125984252,10.8,0.0
2012-11-20,3482.0,0.0,1.0,0.0,0.0,0.0,0.0,0.0,0.0,8.833266472622975,0.14960629921259844,9.15,0.0
2012-11-21,2740.0,0.0,0.0,1.0,0.0,0.0,0.0,0.0,0.0,8.79658942098724,0.4409448818897638,6.1000000000000005,0.0
2012-11-22,1108.0,0.0,0.0,0.0,1.0,0.0,0.0,0.0,1.0,8.760840441156533,0.0,5.85,1.0
2012-11-23,710.0,0.0,0.0,0.0,0.0,1.0,0.0,0.0,0.0,8.72604253403466,1.2598425196850394,7.75,0.0
2012-11-24,1690.0,0.0,0.0,0.0,0.0,0.0,1.0,0.0,0.0,8.692218569520314,0.0,6.4,1.0
2012-11-25,2036.0,0.0,0.0,0.0,0.0,0.0,0.0,1.0,0.0,8.65939124149337,0.0,4.7,1.0
2012-11-26,4716.0,1.0,0.0,0.0,0.0,0.0,0.0,0.0,0.0,8.627583021386048,0.0,5.55,1.0
2012-11-27,5094.0,0.0,1.0,0.0,0.0,0.0,0.0,0.0,0.0,8.596816110481127,0.0,5.85,1.0
2012-11-28,4068.0,0.0,0.0,1.0,0.0,0.0,0.0,0.0,0.0,8.567112391094424,0.11023622047244094,5.800000000000001,0.0
2012-11-29,3688.0,0.0,0.0,0.0,1.0,0.0,0.0,0.0,0.0,8.53849337681495,0.05905511811023622,10.3,0.0
2012-11-30,3180.0,0.0,0.0,0.0,0.0,1.0,0.0,0.0,0.0,8.51098016199257,1.4015748031496063,11.4,0.0
2012-12-01,1268.0,0.0,0.0,0.0,0.0,0.0,1.0,0.0,0.0,8.484593370676603,0.16141732283464566,10.8,0.0
2012-12-02,1054.0,0.0,0.0,0.0,0.0,0.0,0.0,1.0,0.0,8.45935310522447,0.7716535433070866,7.75,0.0
2012-12-03,3736.0,1.0,0.0,0.0,0.0,0.0,0.0,0.0,0.0,8.43527889481119,0.5118110236220472,8.3,0.0
2012-12-04,4022.0,0.0,1.0,0.0,0.0,0.0,0.0,0.0,0.0,8.412389644083495,0.5590551181102362,9.45,0.0
2012-12-05,4600.0,0.0,0.0,1.0,0.0,0.0,0.0,0.0,0.0,8.390703582211902,0.05905511811023622,6.65,0.0
2012-12-06,3758.0,0.0,0.0,0.0,1.0,0.0,0.0,0.0,0.0,8.370238212602692,0.05905511811023622,6.65,0.0
2012-12-07,3632.0,0.0,0.0,0.0,0.0,1.0,0.0,0.0,0.0,8.35101026353887,0.03937007874015748,5.55,0.0
2012-12-08,1748.0,0.0,0.0,0.0,0.0,0.0,1.0,0.0,0.0,8.333035640022796,0.0,5.0,1.0
2012-12-09,844.0,0.0,0.0,0.0,0.0,0.0,0.0,1.0,0.0,8.316329377096087,0.05905511811023622,4.75,0.0
2012-12-10,4324.0,1.0,0.0,0.0,0.0,0.0,0.0,0.0,0.0,8.300905594911512,0.01968503937007874,6.4,0.0
2012-12-11,3890.0,0.0,1.0,0.0,0.0,0.0,0.0,0.0,0.0,8.286777455828737,0.11811023622047244,6.699999999999999,0.0
2012-12-12,3696.0,0.0,0.0,1.0,0.0,0.0,0.0,0.0,0.0,8.273957123800516,0.3188976377952756,5.550000000000001,0.0
2012-12-13,4026.0,0.0,0.0,0.0,1.0,0.0,0.0,0.0,0.0,8.262455726306968,0.09055118110236221,5.25,0.0
2012-12-14,3418.0,0.0,0.0,0.0,0.0,1.0,0.0,0.0,0.0,8.252283319084931,0.3110236220472441,3.5999999999999996,0.0
2012-12-15,926.0,0.0,0.0,0.0,0.0,0.0,1.0,0.0,0.0,8.243448853885662,0.20866141732283464,2.5,0.0
2012-12-16,702.0,0.0,0.0,0.0,0.0,0.0,0.0,1.0,0.0,8.235960149477137,0.889763779527559,5.0,0.0
2012-12-17,2984.0,1.0,0.0,0.0,0.0,0.0,0.0,0.0,0.0,8.229823866089095,0.07874015748031496,5.0,0.0
2012-12-18,3404.0,0.0,1.0,0.0,0.0,0.0,0.0,0.0,0.0,8.225045483477224,0.12992125984251968,2.25,0.0
2012-12-19,2040.0,0.0,0.0,1.0,0.0,0.0,0.0,0.0,0.0,8.221629282759691,0.5393700787401575,5.0,0.0
2012-12-20,2154.0,0.0,0.0,0.0,1.0,0.0,0.0,0.0,0.0,8.219578332154157,0.5196850393700787,3.9,0.0
2012-12-21,2464.0,0.0,0.0,0.0,0.0,1.0,0.0,0.0,0.0,8.218894476716436,0.07086614173228346,3.3000000000000003,0.0
2012-12-22,986.0,0.0,0.0,0.0,0.0,0.0,1.0,0.0,0.0,8.219578332154157,0.12992125984251968,6.1000000000000005,0.0
2012-12-23,882.0,0.0,0.0,0.0,0.0,0.0,0.0,1.0,0.0,8.221629282759691,0.25984251968503935,5.25,0.0
2012-12-24,1148.0,1.0,0.0,0.0,0.0,0.0,0.0,0.0,0.0,8.22504548347722,0.011811023622047244,4.199999999999999,0.0
2012-12-25,196.0,0.0,1.0,0.0,0.0,0.0,0.0,0.0,1.0,8.229823866089097,0.531496062992126,4.199999999999999,0.0
2012-12-26,1690.0,0.0,0.0,1.0,0.0,0.0,0.0,0.0,0.0,8.235960149477135,0.18110236220472442,5.0,0.0
2012-12-27,2296.0,0.0,0.0,0.0,1.0,0.0,0.0,0.0,0.0,8.243448853885663,0.16141732283464566,5.55,0.0
2012-12-28,2514.0,0.0,0.0,0.0,0.0,1.0,0.0,0.0,0.0,8.252283319084928,0.0,6.1000000000000005,1.0
2012-12-29,974.0,0.0,0.0,0.0,0.0,0.0,1.0,0.0,0.0,8.262455726306952,0.05905511811023622,4.15,0.0
2012-12-30,1390.0,0.0,0.0,0.0,0.0,0.0,0.0,1.0,0.0,8.27395712380052,0.0,2.2,1.0
2012-12-31,1972.0,1.0,0.0,0.0,0.0,0.0,0.0,0.0,0.0,8.286777455828732,0.0,1.0999999999999999,1.0
2013-01-01,1356.0,0.0,1.0,0.0,0.0,0.0,0.0,0.0,1.0,8.300905594911505,0.0,1.1,1.0
2013-01-02,3670.0,0.0,0.0,1.0,0.0,0.0,0.0,0.0,0.0,8.316329377096082,0.0,2.5,1.0
2013-01-03,3606.0,0.0,0.0,0.0,1.0,0.0,0.0,0.0,0.0,8.333035640022791,0.16141732283464566,2.5,0.0
2013-01-04,3424.0,0.0,0.0,0.0,0.0,1.0,0.0,0.0,0.0,8.351010263538862,0.0984251968503937,6.1,0.0
2013-01-05,1438.0,0.0,0.0,0.0,0.0,0.0,1.0,0.0,0.0,8.370238212602684,0.11811023622047244,5.550000000000001,0.0
2013-01-06,1412.0,0.0,0.0,0.0,0.0,0.0,0.0,1.0,0.0,8.390703582211897,0.07874015748031496,5.0,0.0
2013-01-07,3786.0,1.0,0.0,0.0,0.0,0.0,0.0,0.0,0.0,8.412389644083488,0.09055118110236221,7.2,0.0
2013-01-08,3156.0,0.0,1.0,0.0,0.0,0.0,0.0,0.0,0.0,8.435278894811182,0.6417322834645669,8.649999999999999,0.0
2013-01-09,2694.0,0.0,0.0,1.0,0.0,0.0,0.0,0.0,0.0,8.45935310522446,1.5118110236220472,5.85,0.0
2013-01-10,3620.0,0.0,0.0,0.0,1.0,0.0,0.0,0.0,0.0,8.484593370676592,0.011811023622047244,1.3499999999999999,0.0
2013-01-11,3140.0,0.0,0.0,0.0,0.0,1.0,0.0,0.0,0.0,8.510980161992562,0.0,0.0,1.0
2013-01-12,1354.0,0.0,0.0,0.0,0.0,0.0,1.0,0.0,0.0,8.53849337681494,0.0,-0.55,1.0
2013-01-13,1118.0,0.0,0.0,0.0,0.0,0.0,0.0,1.0,0.0,8.567112391094412,0.0,-1.1,1.0
2013-01-14,3738.0,1.0,0.0,0.0,0.0,0.0,0.0,0.0,0.0,8.59681611048112,0.0,0.5499999999999998,1.0
2013-01-15,4132.0,0.0,1.0,0.0,0.0,0.0,0.0,0.0,0.0,8.627583021386013,0.0,3.0500000000000003,1.0
2013-01-16,3900.0,0.0,0.0,1.0,0.0,0.0,0.0,0.0,0.0,8.659391241493358,0.0,1.0999999999999999,1.0
2013-01-17,3554.0,0.0,0.0,0.0,1.0,0.0,0.0,0.0,0.0,8.692218569520305,0.0,0.55,1.0
2013-01-18,3170.0,0.0,0.0,0.0,0.0,1.0,0.0,0.0,0.0,8.726042534034645,0.0,1.0999999999999999,1.0
2013-01-19,1520.0,0.0,0.0,0.0,0.0,0.0,1.0,0.0,0.0,8.760840441156525,0.0,0.25000000000000006,1.0
2013-01-20,1602.0,0.0,0.0,0.0,0.0,0.0,0.0,1.0,0.0,8.7965894209872,0.0,1.3499999999999999,1.0
2013-01-21,2552.0,1.0,0.0,0.0,0.0,0.0,0.0,0.0,1.0,8.833266472622965,0.0,0.2500000000000001,1.0
2013-01-22,3930.0,0.0,1.0,0.0,0.0,0.0,0.0,0.0,0.0,8.870848507629189,0.0,0.7999999999999999,1.0
2013-01-23,3534.0,0.0,0.0,1.0,0.0,0.0,0.0,0.0,0.0,8.90931239186585,0.20078740157480315,4.7,0.0
2013-01-24,3910.0,0.0,0.0,0.0,1.0,0.0,0.0,0.0,0.0,8.948634985570434,0.2283464566929134,4.15,0.0
2013-01-25,3722.0,0.0,0.0,0.0,0.0,1.0,0.0,0.0,0.0,8.988793181621272,0.11811023622047244,6.699999999999999,0.0
2013-01-26,1088.0,0.0,0.0,0.0,0.0,0.0,1.0,0.0,0.0,9.029763941917096,0.09055118110236221,6.1000000000000005,0.0
2013-01-27,1286.0,0.0,0.0,0.0,0.0,0.0,0.0,1.0,0.0,9.071524331824866,0.07086614173228346,4.75,0.0
2013-01-28,3416.0,1.0,0.0,0.0,0.0,0.0,0.0,0.0,0.0,9.114051552659342,0.3110236220472441,4.699999999999999,0.0
2013-01-29,3578.0,0.0,1.0,0.0,0.0,0.0,0.0,0.0,0.0,9.157322972171762,0.16929133858267717,6.65,0.0
2013-01-30,3520.0,0.0,0.0,1.0,0.0,0.0,0.0,0.0,0.0,9.20131615303674,0.14173228346456693,7.800000000000001,0.0
2013-01-31,3842.0,0.0,0.0,0.0,1.0,0.0,0.0,0.0,0.0,9.246008879336056,0.11811023622047244,8.3,0.0
2013-02-01,4216.0,0.0,0.0,0.0,0.0,1.0,0.0,0.0,0.0,9.291379181050097,0.011811023622047244,8.35,0.0
2013-02-02,2266.0,0.0,0.0,0.0,0.0,0.0,1.0,0.0,0.0,9.337405356574683,0.0,4.449999999999999,1.0
2013-02-03,1736.0,0.0,0.0,0.0,0.0,0.0,0.0,1.0,0.0,9.384065993290525,0.09055118110236221,5.85,0.0
2013-02-04,4576.0,1.0,0.0,0.0,0.0,0.0,0.0,0.0,0.0,9.431339986219816,0.0,8.65,1.0
2013-02-05,4024.0,0.0,1.0,0.0,0.0,0.0,0.0,0.0,0.0,9.479206554809748,0.12992125984251968,8.35,0.0
2013-02-06,3990.0,0.0,0.0,1.0,0.0,0.0,0.0,0.0,0.0,9.527645257889857,0.03937007874015748,8.35,0.0
2013-02-07,4374.0,0.0,0.0,0.0,1.0,0.0,0.0,0.0,0.0,9.576636006854194,0.051181102362204724,6.35,0.0
2013-02-08,4322.0,0.0,0.0,0.0,0.0,1.0,0.0,0.0,0.0,9.626159077122253,0.0,5.0,1.0
2013-02-09,2228.0,0.0,0.0,0.0,0.0,0.0,1.0,0.0,0.0,9.676195117938592,0.011811023622047244,6.3500000000000005,0.0
2013-02-10,2624.0,0.0,0.0,0.0,0.0,0.0,0.0,1.0,0.0,9.726725160571137,0.0,5.3,1.0
2013-02-11,4290.0,1.0,0.0,0.0,0.0,0.0,0.0,0.0,0.0,9.77773062497093,0.011811023622047244,6.3500000000000005,0.0
2013-02-12,4210.0,0.0,1.0,0.0,0.0,0.0,0.0,0.0,0.0,9.829193324959094,0.03937007874015748,9.15,0.0
2013-02-13,4132.0,0.0,0.0,1.0,0.0,0.0,0.0,0.0,0.0,9.88109547200438,0.09055118110236221,8.3,0.0
2013-02-14,3768.0,0.0,0.0,0.0,1.0,0.0,0.0,0.0,0.0,9.93341967765909,0.03937007874015748,7.5,0.0
2013-02-15,4608.0,0.0,0.0,0.0,0.0,1.0,0.0,0.0,0.0,9.98614895471806,0.0,9.15,1.0
2013-02-16,2034.0,0.0,0.0,0.0,0.0,0.0,1.0,0.0,0.0,10.039266717165956,0.0,7.5,1.0
2013-02-17,1738.0,0.0,0.0,0.0,0.0,0.0,0.0,1.0,0.0,10.09275677897856,0.0,6.9,1.0
2013-02-18,2962.0,1.0,0.0,0.0,0.0,0.0,0.0,0.0,1.0,10.146603351840652,0.0,5.85,1.0
2013-02-19,5172.0,0.0,1.0,0.0,0.0,0.0,0.0,0.0,0.0,10.200791041843235,0.0,6.1499999999999995,1.0
2013-02-20,4434.0,0.0,0.0,1.0,0.0,0.0,0.0,0.0,0.0,10.255304845221428,0.05905511811023622,4.45,0.0
2013-02-21,3782.0,0.0,0.0,0.0,1.0,0.0,0.0,0.0,0.0,10.310130143190976,0.01968503937007874,5.3,0.0
2013-02-22,2720.0,0.0,0.0,0.0,0.0,1.0,0.0,0.0,0.0,10.365252695941964,0.3700787401574803,5.85,0.0
2013-02-23,2252.0,0.0,0.0,0.0,0.0,0.0,1.0,0.0,0.0,10.420658635843855,0.011811023622047244,6.95,0.0
2013-02-24,2244.0,0.0,0.0,0.0,0.0,0.0,0.0,1.0,0.0,10.476334459915424,0.0,6.95,1.0
2013-02-25,4172.0,1.0,0.0,0.0,0.0,0.0,0.0,0.0,0.0,10.532267021610993,0.09055118110236221,6.949999999999999,0.0
2013-02-26,4994.0,0.0,1.0,0.0,0.0,0.0,0.0,0.0,0.0,10.588443521970534,0.01968503937007874,6.4,0.0
2013-02-27,4668.0,0.0,0.0,1.0,0.0,0.0,0.0,0.0,0.0,10.644851500181572,0.18110236220472442,7.2,0.0
2013-02-28,3518.0,0.0,0.0,0.0,1.0,0.0,0.0,0.0,0.0,10.701478823595531,0.3188976377952756,9.2,0.0
2013-03-01,3690.0,0.0,0.0,0.0,0.0,1.0,0.0,0.0,0.0,10.758313677241942,0.16141732283464566,13.05,0.0
2013-03-02,2466.0,0.0,0.0,0.0,0.0,0.0,1.0,0.0,0.0,10.815344552878958,0.031496062992125984,9.45,0.0
2013-03-03,3380.0,0.0,0.0,0.0,0.0,0.0,0.0,1.0,0.0,10.872560237618165,0.0,6.65,1.0
2013-03-04,5582.0,1.0,0.0,0.0,0.0,0.0,0.0,0.0,0.0,10.929949802159388,0.0,6.65,1.0
2013-03-05,4796.0,0.0,1.0,0.0,0.0,0.0,0.0,0.0,0.0,10.987502588667507,0.0,7.75,1.0
2013-03-06,4082.0,0.0,0.0,1.0,0.0,0.0,0.0,0.0,0.0,11.045208198323808,0.468503937007874,6.1,0.0
2013-03-07,4300.0,0.0,0.0,0.0,1.0,0.0,0.0,0.0,0.0,11.103056478579852,0.29133858267716534,8.6,0.0
2013-03-08,5478.0,0.0,0.0,0.0,0.0,1.0,0.0,0.0,0.0,11.161037510141533,0.0,6.949999999999999,1.0
2013-03-09,4860.0,0.0,0.0,0.0,0.0,0.0,1.0,0.0,0.0,11.219141593709253,0.0,6.95,1.0
2013-03-10,2092.0,0.0,0.0,0.0,0.0,0.0,0.0,1.0,0.0,11.27735923649673,0.031496062992125984,5.85,0.0
2013-03-11,4500.0,1.0,0.0,0.0,0.0,0.0,0.0,0.0,0.0,11.335681138551918,0.051181102362204724,8.35,0.0
2013-03-12,3960.0,0.0,1.0,0.0,0.0,0.0,0.0,0.0,0.0,11.394098178899393,0.07874015748031496,11.4,0.0
2013-03-13,3788.0,0.0,0.0,1.0,0.0,0.0,0.0,0.0,0.0,11.452601401523761,0.09055118110236221,10.55,0.0
2013-03-14,4404.0,0.0,0.0,0.0,1.0,0.0,0.0,0.0,0.0,11.511182001212392,0.11023622047244094,10.55,0.0
2013-03-15,4710.0,0.0,0.0,0.0,0.0,1.0,0.0,0.0,0.0,11.569831309272743,0.0,11.65,1.0
2013-03-16,2126.0,0.0,0.0,0.0,0.0,0.0,1.0,0.0,0.0,11.628540779141167,0.16929133858267717,7.5,0.0
2013-03-17,2590.0,0.0,0.0,0.0,0.0,0.0,0.0,1.0,0.0,11.687301971896467,0.0,6.4,1.0
2013-03-18,4762.0,1.0,0.0,0.0,0.0,0.0,0.0,0.0,0.0,11.746106541692017,0.0,7.8,1.0
2013-03-19,4624.0,0.0,1.0,0.0,0.0,0.0,0.0,0.0,0.0,11.804946221119806,0.46062992125984253,7.25,0.0
2013-03-20,3014.0,0.0,0.0,1.0,0.0,0.0,0.0,0.0,0.0,11.863812806517062,0.38976377952755903,7.75,0.0
2013-03-21,3848.0,0.0,0.0,0.0,1.0,0.0,0.0,0.0,0.0,11.922698143228446,0.3188976377952756,6.1,0.0
2013-03-22,3724.0,0.0,0.0,0.0,0.0,1.0,0.0,0.0,0.0,11.9815941108332,0.0,5.0,1.0
2013-03-23,3504.0,0.0,0.0,0.0,0.0,0.0,1.0,0.0,0.0,12.040492608349336,0.0,5.55,1.0
2013-03-24,2770.0,0.0,0.0,0.0,0.0,0.0,0.0,1.0,0.0,12.099385539423954,0.0,6.3999999999999995,1.0
2013-03-25,6318.0,1.0,0.0,0.0,0.0,0.0,0.0,0.0,0.0,12.158264797520431,0.0,10.55,1.0
2013-03-26,6030.0,0.0,1.0,0.0,0.0,0.0,0.0,0.0,0.0,12.217122251113047,0.0,11.399999999999999,1.0
2013-03-27,5234.0,0.0,0.0,1.0,0.0,0.0,0.0,0.0,0.0,12.275949728898095,0.011811023622047244,10.25,0.0
2013-03-28,5412.0,0.0,0.0,0.0,1.0,0.0,0.0,0.0,0.0,12.334739005033352,0.07874015748031496,12.200000000000001,0.0
2013-03-29,6414.0,0.0,0.0,0.0,0.0,1.0,0.0,0.0,0.0,12.393481784415401,0.0,13.05,1.0
2013-03-30,4994.0,0.0,0.0,0.0,0.0,0.0,1.0,0.0,0.0,12.452169688006375,0.0,12.8,1.0
2013-03-31,4726.0,0.0,0.0,0.0,0.0,0.0,0.0,1.0,0.0,12.51079423822227,0.0,13.65,1.0
2013-04-01,6496.0,1.0,0.0,0.0,0.0,0.0,0.0,0.0,0.0,12.569346844393891,0.0,12.75,1.0
2013-04-02,6574.0,0.0,1.0,0.0,0.0,0.0,0.0,0.0,0.0,12.627818788314553,0.0,11.4,1.0
2013-04-03,6972.0,0.0,0.0,1.0,0.0,0.0,0.0,0.0,0.0,12.686201209888113,0.0,12.25,1.0
2013-04-04,4014.0,0.0,0.0,0.0,1.0,0.0,0.0,0.0,0.0,12.744485092890995,0.33070866141732286,12.2,0.0
2013-04-05,3684.0,0.0,0.0,0.0,0.0,1.0,0.0,0.0,0.0,12.802661250865865,0.7283464566929134,11.95,0.0
2013-04-06,1578.0,0.0,0.0,0.0,0.0,0.0,1.0,0.0,0.0,12.86072031316273,0.5,9.7,0.0
2013-04-07,1154.0,0.0,0.0,0.0,0.0,0.0,0.0,1.0,0.0,12.918652711145544,1.5393700787401574,6.65,0.0
2013-04-08,5378.0,1.0,0.0,0.0,0.0,0.0,0.0,0.0,0.0,12.976448664585373,0.031496062992125984,9.7,0.0
2013-04-09,5800.0,0.0,1.0,0.0,0.0,0.0,0.0,0.0,0.0,13.034098168259005,0.0,9.149999999999999,1.0
2013-04-10,4226.0,0.0,0.0,1.0,0.0,0.0,0.0,0.0,0.0,13.091590978777933,0.3700787401574803,11.95,0.0
2013-04-11,4998.0,0.0,0.0,0.0,1.0,0.0,0.0,0.0,0.0,13.14891660167072,0.05905511811023622,9.45,0.0
2013-04-12,4090.0,0.0,0.0,0.0,0.0,1.0,0.0,0.0,0.0,13.20606427874478,0.38188976377952755,6.1,0.0
2013-04-13,1692.0,0.0,0.0,0.0,0.0,0.0,1.0,0.0,0.0,13.263022975756526,0.3700787401574803,6.949999999999999,0.0
2013-04-14,2928.0,0.0,0.0,0.0,0.0,0.0,0.0,1.0,0.0,13.319781370418637,0.2283464566929134,8.600000000000001,0.0
2013-04-15,5374.0,1.0,0.0,0.0,0.0,0.0,0.0,0.0,0.0,13.376327840776835,0.0,9.15,1.0
2013-04-16,6152.0,0.0,1.0,0.0,0.0,0.0,0.0,0.0,0.0,13.432650453990542,0.011811023622047244,8.6,0.0
2013-04-17,5878.0,0.0,0.0,1.0,0.0,0.0,0.0,0.0,0.0,13.488736955552374,0.0,9.45,1.0
2013-04-18,3944.0,0.0,0.0,0.0,1.0,0.0,0.0,0.0,0.0,13.544574758986144,0.20866141732283464,9.2,0.0
2013-04-19,2770.0,0.0,0.0,0.0,0.0,1.0,0.0,0.0,0.0,13.600150936062697,0.8110236220472441,11.350000000000001,0.0
2013-04-20,2064.0,0.0,0.0,0.0,0.0,0.0,1.0,0.0,0.0,13.65545220757687,0.0,11.100000000000001,1.0
2013-04-21,1936.0,0.0,0.0,0.0,0.0,0.0,0.0,1.0,0.0,13.710464934731004,0.12992125984251968,9.45,0.0
2013-04-22,7266.0,1.0,0.0,0.0,0.0,0.0,0.0,0.0,0.0,13.765175111171228,0.0,10.55,1.0
2013-04-23,7884.0,0.0,1.0,0.0,0.0,0.0,0.0,0.0,0.0,13.819568355727455,0.0,10.85,1.0
2013-04-24,8900.0,0.0,0.0,1.0,0.0,0.0,0.0,0.0,0.0,13.87362990590745,0.0,13.600000000000001,1.0
2013-04-25,8332.0,0.0,0.0,0.0,1.0,0.0,0.0,0.0,0.0,13.927344612200265,0.0,14.2,1.0
2013-04-26,6914.0,0.0,0.0,0.0,0.0,1.0,0.0,0.0,0.0,13.980696933243902,0.0,14.450000000000001,1.0
2013-04-27,2428.0,0.0,0.0,0.0,0.0,0.0,1.0,0.0,0.0,14.033670931915685,0.0,12.25,1.0
2013-04-28,2380.0,0.0,0.0,0.0,0.0,0.0,0.0,1.0,0.0,14.086250272405456,0.03937007874015748,12.2,0.0
2013-04-29,5386.0,1.0,0.0,0.0,0.0,0.0,0.0,0.0,0.0,14.138418218331955,0.14960629921259844,10.3,0.0
2013-04-30,6804.0,0.0,1.0,0.0,0.0,0.0,0.0,0.0,0.0,14.19015763196657,0.0,8.600000000000001,1.0
2013-05-01,10034.0,0.0,0.0,1.0,0.0,0.0,0.0,0.0,0.0,14.241450974627428,0.0,10.8,1.0
2013-05-02,9754.0,0.0,0.0,0.0,1.0,0.0,0.0,0.0,0.0,14.292280308309223,0.0,13.65,1.0
2013-05-03,9040.0,0.0,0.0,0.0,0.0,1.0,0.0,0.0,0.0,14.342627298614868,0.0,15.55,1.0
2013-05-04,5824.0,0.0,0.0,0.0,0.0,0.0,1.0,0.0,0.0,14.392473219053691,0.0,18.05,1.0
2013-05-05,6006.0,0.0,0.0,0.0,0.0,0.0,0.0,1.0,0.0,14.441798956773154,0.0,20.299999999999997,1.0
2013-05-06,10132.0,1.0,0.0,0.0,0.0,0.0,0.0,0.0,0.0,14.490585019788144,0.0,21.4,1.0
2013-05-07,10206.0,0.0,1.0,0.0,0.0,0.0,0.0,0.0,0.0,14.538811545772194,0.0,15.850000000000001,1.0
2013-05-08,9944.0,0.0,0.0,1.0,0.0,0.0,0.0,0.0,0.0,14.586458312473376,0.0,15.25,1.0
2013-05-09,9326.0,0.0,0.0,0.0,1.0,0.0,0.0,0.0,0.0,14.633504749813882,0.0,16.4,1.0
2013-05-10,9732.0,0.0,0.0,0.0,0.0,1.0,0.0,0.0,0.0,14.67992995373172,0.0,17.75,1.0
2013-05-11,4962.0,0.0,0.0,0.0,0.0,0.0,1.0,0.0,0.0,14.72571270181708,0.0,19.7,1.0
2013-05-12,2526.0,0.0,0.0,0.0,0.0,0.0,0.0,1.0,0.0,14.77083147079306,0.25984251968503935,17.8,0.0
2013-05-13,6734.0,1.0,0.0,0.0,0.0,0.0,0.0,0.0,0.0,14.815264455885318,0.12992125984251968,14.149999999999999,0.0
2013-05-14,9150.0,0.0,1.0,0.0,0.0,0.0,0.0,0.0,0.0,14.858989592117956,0.0,13.05,1.0
2013-05-15,7792.0,0.0,0.0,1.0,0.0,0.0,0.0,0.0,0.0,14.901984577568374,0.03937007874015748,13.05,0.0
2013-05-16,8548.0,0.0,0.0,0.0,1.0,0.0,0.0,0.0,0.0,14.944226898603777,0.0,16.95,1.0
2013-05-17,9566.0,0.0,0.0,0.0,0.0,1.0,0.0,0.0,0.0,14.98569385711586,0.01968503937007874,14.45,0.0
2013-05-18,3628.0,0.0,0.0,0.0,0.0,0.0,1.0,0.0,0.0,15.026362599758757,0.0,13.899999999999999,1.0
2013-05-19,4272.0,0.0,0.0,0.0,0.0,0.0,0.0,1.0,0.0,15.066210149186237,0.0,14.45,1.0
2013-05-20,9298.0,1.0,0.0,0.0,0.0,0.0,0.0,0.0,0.0,15.105213437272942,0.0,14.399999999999999,1.0
2013-05-21,4962.0,0.0,1.0,0.0,0.0,0.0,0.0,0.0,0.0,15.143349340291186,0.5393700787401575,11.95,0.0
2013-05-22,5720.0,0.0,0.0,1.0,0.0,0.0,0.0,0.0,0.0,15.180594716003693,0.5393700787401575,9.15,0.0
2013-05-23,6046.0,0.0,0.0,0.0,1.0,0.0,0.0,0.0,0.0,15.216926442617304,0.16141732283464566,9.45,0.0
2013-05-24,6746.0,0.0,0.0,0.0,0.0,1.0,0.0,0.0,0.0,15.252321459529286,0.011811023622047244,12.8,0.0
2013-05-25,3532.0,0.0,0.0,0.0,0.0,0.0,1.0,0.0,0.0,15.286756809782949,0.0,13.9,1.0
2013-05-26,2382.0,0.0,0.0,0.0,0.0,0.0,0.0,1.0,0.0,15.32020968413265,0.05905511811023622,14.45,0.0
2013-05-27,1538.0,1.0,0.0,0.0,0.0,0.0,0.0,0.0,1.0,15.352657466603867,0.38188976377952755,13.899999999999999,0.0
2013-05-28,6718.0,0.0,1.0,0.0,0.0,0.0,0.0,0.0,0.0,15.384077781416904,0.01968503937007874,14.45,0.0
2013-05-29,6274.0,0.0,0.0,1.0,0.0,0.0,0.0,0.0,0.0,15.414448541126173,0.2204724409448819,12.75,0.0
2013-05-30,7926.0,0.0,0.0,0.0,1.0,0.0,0.0,0.0,0.0,15.443747995812476,0.0,13.05,1.0
2013-05-31,8830.0,0.0,0.0,0.0,0.0,1.0,0.0,0.0,0.0,15.471954783147991,0.0,15.25,1.0
2013-06-01,4480.0,0.0,0.0,0.0,0.0,0.0,1.0,0.0,0.0,15.499047979139123,0.0,17.5,1.0
2013-06-02,5352.0,0.0,0.0,0.0,0.0,0.0,0.0,1.0,0.0,15.525007149338162,0.03937007874015748,16.4,0.0
2013-06-03,8584.0,1.0,0.0,0.0,0.0,0.0,0.0,0.0,0.0,15.549812400299365,0.0,16.65,1.0
2013-06-04,10242.0,0.0,1.0,0.0,0.0,0.0,0.0,0.0,0.0,15.573444431044418,0.0,19.15,1.0
2013-06-05,10076.0,0.0,0.0,1.0,0.0,0.0,0.0,0.0,0.0,15.595884584289413,0.0,20.55,1.0
2013-06-06,9278.0,0.0,0.0,0.0,1.0,0.0,0.0,0.0,0.0,15.617114897176238,0.0,19.45,1.0
2013-06-07,7352.0,0.0,0.0,0.0,0.0,1.0,0.0,0.0,0.0,15.637118151244144,0.0,17.5,1.0
2013-06-08,4358.0,0.0,0.0,0.0,0.0,0.0,1.0,0.0,0.0,15.655877921370282,0.0,16.700000000000003,1.0
2013-06-09,4162.0,0.0,0.0,0.0,0.0,0.0,0.0,1.0,0.0,15.67337862340532,0.0,15.850000000000001,1.0
2013-06-10,8738.0,1.0,0.0,0.0,0.0,0.0,0.0,0.0,0.0,15.689605560228797,0.0,16.7,1.0
2013-06-11,7356.0,0.0,1.0,0.0,0.0,0.0,0.0,0.0,0.0,15.704544965949779,0.0,15.0,1.0
2013-06-12,8010.0,0.0,0.0,1.0,0.0,0.0,0.0,0.0,0.0,15.718184047983101,0.011811023622047244,16.15,0.0
2013-06-13,7830.0,0.0,0.0,0.0,1.0,0.0,0.0,0.0,0.0,15.730511026737311,0.0,16.4,1.0
2013-06-14,6644.0,0.0,0.0,0.0,0.0,1.0,0.0,0.0,0.0,15.741515172660451,0.0,16.1,1.0
2013-06-15,5112.0,0.0,0.0,0.0,0.0,0.0,1.0,0.0,0.0,15.751186840401603,0.0,17.8,1.0
2013-06-16,4604.0,0.0,0.0,0.0,0.0,0.0,0.0,1.0,0.0,15.759517499860891,0.0,18.35,1.0
2013-06-17,8504.0,1.0,0.0,0.0,0.0,0.0,0.0,0.0,0.0,15.766499763918228,0.0,19.75,1.0
2013-06-18,9052.0,0.0,1.0,0.0,0.0,0.0,0.0,0.0,0.0,15.77212741265055,0.011811023622047244,18.3,0.0
2013-06-19,7310.0,0.0,0.0,1.0,0.0,0.0,0.0,0.0,0.0,15.776395413869702,0.0,16.4,1.0
2013-06-20,4942.0,0.0,0.0,0.0,1.0,0.0,0.0,0.0,0.0,15.779299939836761,0.11811023622047244,15.0,0.0
2013-06-21,6020.0,0.0,0.0,0.0,0.0,1.0,0.0,0.0,0.0,15.78083838003483,0.011811023622047244,16.4,0.0
2013-06-22,6286.0,0.0,0.0,0.0,0.0,0.0,1.0,0.0,0.0,15.78100934990929,0.0,18.65,1.0
2013-06-23,3288.0,0.0,0.0,0.0,0.0,0.0,0.0,1.0,0.0,15.779812695513028,0.3110236220472441,18.6,0.0
2013-06-24,4864.0,1.0,0.0,0.0,0.0,0.0,0.0,0.0,0.0,15.777249494023359,0.1889763779527559,17.5,0.0
2013-06-25,5298.0,0.0,1.0,0.0,0.0,0.0,0.0,0.0,0.0,15.773322050126893,0.38976377952755903,18.85,0.0
2013-06-26,5808.0,0.0,0.0,1.0,0.0,0.0,0.0,0.0,0.0,15.76803388829831,0.07874015748031496,18.6,0.0
2013-06-27,5856.0,0.0,0.0,0.0,1.0,0.0,0.0,0.0,0.0,15.761389741028287,0.14173228346456693,18.9,0.0
2013-06-28,8198.0,0.0,0.0,0.0,0.0,1.0,0.0,0.0,0.0,15.753395533084488,0.0,23.35,1.0
2013-06-29,5464.0,0.0,0.0,0.0,0.0,0.0,1.0,0.0,0.0,15.744058361917082,0.0,24.15,1.0
2013-06-30,5492.0,0.0,0.0,0.0,0.0,0.0,0.0,1.0,0.0,15.73338647434647,0.0,25.549999999999997,1.0
2013-07-01,8414.0,1.0,0.0,0.0,0.0,0.0,0.0,0.0,0.0,15.721389239695482,0.0,25.0,1.0
2013-07-02,9392.0,0.0,1.0,0.0,0.0,0.0,0.0,0.0,0.0,15.708077119550644,0.0,21.95,1.0
2013-07-03,8510.0,0.0,0.0,1.0,0.0,0.0,0.0,0.0,0.0,15.693461634357961,0.0,21.4,1.0
2013-07-04,7498.0,0.0,0.0,0.0,1.0,0.0,0.0,0.0,1.0,15.677555327075977,0.0,17.8,1.0
2013-07-05,6176.0,0.0,0.0,0.0,0.0,1.0,0.0,0.0,0.0,15.660371724124941,0.0,18.6,1.0
2013-07-06,5844.0,0.0,0.0,0.0,0.0,0.0,1.0,0.0,0.0,15.64192529388338,0.0,19.700000000000003,1.0
2013-07-07,5190.0,0.0,0.0,0.0,0.0,0.0,0.0,1.0,0.0,15.622231402993263,0.0,18.9,1.0
2013-07-08,8694.0,1.0,0.0,0.0,0.0,0.0,0.0,0.0,0.0,15.601306270742912,0.0,20.0,1.0
2013-07-09,9632.0,0.0,1.0,0.0,0.0,0.0,0.0,0.0,0.0,15.579166921800491,0.0,22.5,1.0
2013-07-10,9214.0,0.0,0.0,1.0,0.0,0.0,0.0,0.0,0.0,15.555831137574,0.0,18.05,1.0
2013-07-11,8200.0,0.0,0.0,0.0,1.0,0.0,0.0,0.0,0.0,15.531317406471883,0.0,17.5,1.0
2013-07-12,7392.0,0.0,0.0,0.0,0.0,1.0,0.0,0.0,0.0,15.505644873336434,0.0,16.35,1.0
2013-07-13,5396.0,0.0,0.0,0.0,0.0,0.0,1.0,0.0,0.0,15.478833288316428,0.0,18.6,1.0
2013-07-14,5280.0,0.0,0.0,0.0,0.0,0.0,0.0,1.0,0.0,15.450902955437599,0.0,20.3,1.0
2013-07-15,8836.0,1.0,0.0,0.0,0.0,0.0,0.0,0.0,0.0,15.421874681121643,0.0,21.1,1.0
2013-07-16,9186.0,0.0,1.0,0.0,0.0,0.0,0.0,0.0,0.0,15.391769722891963,0.0,24.700000000000003,1.0
2013-07-17,8342.0,0.0,0.0,1.0,0.0,0.0,0.0,0.0,0.0,15.360609738493418,0.0,18.6,1.0
2013-07-18,8772.0,0.0,0.0,0.0,1.0,0.0,0.0,0.0,0.0,15.328416735639037,0.0,20.0,1.0
2013-07-19,7830.0,0.0,0.0,0.0,0.0,1.0,0.0,0.0,0.0,15.295213022582127,0.0,20.55,1.0
2013-07-20,5022.0,0.0,0.0,0.0,0.0,0.0,1.0,0.0,0.0,15.261021159697746,0.0,19.15,1.0
2013-07-21,4850.0,0.0,0.0,0.0,0.0,0.0,0.0,1.0,0.0,15.225863912240657,0.0,18.35,1.0
2013-07-22,8348.0,1.0,0.0,0.0,0.0,0.0,0.0,0.0,0.0,15.189764204431304,0.0,19.700000000000003,1.0
2013-07-23,9208.0,0.0,1.0,0.0,0.0,0.0,0.0,0.0,0.0,15.15274507500586,0.0,22.5,1.0
2013-07-24,9388.0,0.0,0.0,1.0,0.0,0.0,0.0,0.0,0.0,15.114829634348103,0.0,22.75,1.0
2013-07-25,8946.0,0.0,0.0,0.0,1.0,0.0,0.0,0.0,0.0,15.076041023307571,0.0,21.950000000000003,1.0
2013-07-26,7926.0,0.0,0.0,0.0,0.0,1.0,0.0,0.0,0.0,15.03640237379054,0.0,22.75,1.0
2013-07-27,5002.0,0.0,0.0,0.0,0.0,0.0,1.0,0.0,0.0,14.995936771196325,0.0,19.200000000000003,1.0
2013-07-28,3960.0,0.0,0.0,0.0,0.0,0.0,0.0,1.0,0.0,14.9546672187574,0.0,16.65,1.0
2013-07-29,8176.0,1.0,0.0,0.0,0.0,0.0,0.0,0.0,0.0,14.912616603826125,0.0,19.15,1.0
2013-07-30,9080.0,0.0,1.0,0.0,0.0,0.0,0.0,0.0,0.0,14.869807666139465,0.0,19.15,1.0
2013-07-31,8244.0,0.0,0.0,1.0,0.0,0.0,0.0,0.0,0.0,14.8262629680806,0.0,17.5,1.0
2013-08-01,7438.0,0.0,0.0,0.0,1.0,0.0,0.0,0.0,0.0,14.782004866943469,0.0,16.950000000000003,1.0
2013-08-02,5158.0,0.0,0.0,0.0,0.0,1.0,0.0,0.0,0.0,14.737055489197765,0.07874015748031496,16.1,0.0
2013-08-03,4514.0,0.0,0.0,0.0,0.0,0.0,1.0,0.0,0.0,14.691436706740859,0.0,20.3,1.0
2013-08-04,4932.0,0.0,0.0,0.0,0.0,0.0,0.0,1.0,0.0,14.645170115114453,0.0,21.95,1.0
2013-08-05,8624.0,1.0,0.0,0.0,0.0,0.0,0.0,0.0,0.0,14.598277013657093,0.0,22.5,1.0
2013-08-06,9204.0,0.0,1.0,0.0,0.0,0.0,0.0,0.0,0.0,14.550778387554892,0.0,22.25,1.0
2013-08-07,9112.0,0.0,0.0,1.0,0.0,0.0,0.0,0.0,0.0,14.502694891748476,0.0,22.5,1.0
2013-08-08,8550.0,0.0,0.0,0.0,1.0,0.0,0.0,0.0,0.0,14.454046836647816,0.0,21.35,1.0
2013-08-09,7666.0,0.0,0.0,0.0,0.0,1.0,0.0,0.0,0.0,14.404854175601859,0.0,21.35,1.0
2013-08-10,3794.0,0.0,0.0,0.0,0.0,0.0,1.0,0.0,0.0,14.355136494067743,0.09055118110236221,20.3,0.0
2013-08-11,4630.0,0.0,0.0,0.0,0.0,0.0,0.0,1.0,0.0,14.304913000418793,0.0,19.7,1.0
2013-08-12,8056.0,1.0,0.0,0.0,0.0,0.0,0.0,0.0,0.0,14.254202518330908,0.0,20.85,1.0
2013-08-13,8938.0,0.0,1.0,0.0,0.0,0.0,0.0,0.0,0.0,14.20302348068242,0.0,21.4,1.0
2013-08-14,8342.0,0.0,0.0,1.0,0.0,0.0,0.0,0.0,0.0,14.151393924903589,0.031496062992125984,21.1,0.0
2013-08-15,6668.0,0.0,0.0,0.0,1.0,0.0,0.0,0.0,0.0,14.099331489709753,0.07086614173228346,19.15,0.0
2013-08-16,7638.0,0.0,0.0,0.0,0.0,1.0,0.0,0.0,0.0,14.046853413151913,0.0,22.5,1.0
2013-08-17,4438.0,0.0,0.0,0.0,0.0,0.0,1.0,0.0,0.0,13.993976531920026,0.0,21.4,1.0
2013-08-18,4602.0,0.0,0.0,0.0,0.0,0.0,0.0,1.0,0.0,13.940717281832622,0.0,20.85,1.0
2013-08-19,8234.0,1.0,0.0,0.0,0.0,0.0,0.0,0.0,0.0,13.887091699449455,0.0,21.15,1.0
2013-08-20,9048.0,0.0,1.0,0.0,0.0,0.0,0.0,0.0,0.0,13.833115424743609,0.0,20.85,1.0
2013-08-21,8784.0,0.0,0.0,1.0,0.0,0.0,0.0,0.0,0.0,13.778803704770775,0.0,21.4,1.0
2013-08-22,8340.0,0.0,0.0,0.0,1.0,0.0,0.0,0.0,0.0,13.72417139827662,0.0,21.95,1.0
2013-08-23,6892.0,0.0,0.0,0.0,0.0,1.0,0.0,0.0,0.0,13.669232981182528,0.0,20.55,1.0
2013-08-24,4060.0,0.0,0.0,0.0,0.0,0.0,1.0,0.0,0.0,13.614002552894247,0.0,20.85,1.0
2013-08-25,4118.0,0.0,0.0,0.0,0.0,0.0,0.0,1.0,0.0,13.558493843378665,0.011811023622047244,19.15,0.0
2013-08-26,6480.0,1.0,0.0,0.0,0.0,0.0,0.0,0.0,0.0,13.502720220955803,0.03937007874015748,20.25,0.0
2013-08-27,7784.0,0.0,1.0,0.0,0.0,0.0,0.0,0.0,0.0,13.446694700757162,0.051181102362204724,21.95,0.0
2013-08-28,6968.0,0.0,0.0,1.0,0.0,0.0,0.0,0.0,0.0,13.390429953801085,0.2204724409448819,21.15,0.0
2013-08-29,4750.0,0.0,0.0,0.0,1.0,0.0,0.0,0.0,0.0,13.333938316640756,0.7598425196850394,21.1,0.0
2013-08-30,6752.0,0.0,0.0,0.0,0.0,1.0,0.0,0.0,0.0,13.277231801540943,0.0,21.1,1.0
2013-08-31,4584.0,0.0,0.0,0.0,0.0,0.0,1.0,0.0,0.0,13.220322107142051,0.0,20.85,1.0
2013-09-01,4576.0,0.0,0.0,0.0,0.0,0.0,0.0,1.0,0.0,13.163220629573749,0.0,21.7,1.0
2013-09-02,4650.0,1.0,0.0,0.0,0.0,0.0,0.0,0.0,1.0,13.105938473980066,0.0,22.5,1.0
2013-09-03,5862.0,0.0,1.0,0.0,0.0,0.0,0.0,0.0,0.0,13.048486466423098,0.09055118110236221,20.85,0.0
2013-09-04,7660.0,0.0,0.0,1.0,0.0,0.0,0.0,0.0,0.0,12.990875166131282,0.011811023622047244,19.450000000000003,0.0
2013-09-05,4496.0,0.0,0.0,0.0,1.0,0.0,0.0,0.0,0.0,12.933114878063234,1.0905511811023623,17.8,0.0
2013-09-06,4446.0,0.0,0.0,0.0,0.0,1.0,0.0,0.0,0.0,12.875215665758171,0.8385826771653543,18.9,0.0
2013-09-07,3760.0,0.0,0.0,0.0,0.0,0.0,1.0,0.0,0.0,12.817187364445857,0.0,20.25,1.0
2013-09-08,4662.0,0.0,0.0,0.0,0.0,0.0,0.0,1.0,0.0,12.759039594392597,0.0,20.55,1.0
2013-09-09,7786.0,1.0,0.0,0.0,0.0,0.0,0.0,0.0,0.0,12.700781774458695,0.0,20.0,1.0
2013-09-10,8490.0,0.0,1.0,0.0,0.0,0.0,0.0,0.0,0.0,12.642423135847103,0.0,20.85,1.0
2013-09-11,8822.0,0.0,0.0,1.0,0.0,0.0,0.0,0.0,0.0,12.58397273602281,0.0,25.0,1.0
2013-09-12,8090.0,0.0,0.0,0.0,1.0,0.0,0.0,0.0,0.0,12.52543947278392,0.0,20.3,1.0
2013-09-13,6464.0,0.0,0.0,0.0,0.0,1.0,0.0,0.0,0.0,12.4668320984682,0.0,17.25,1.0
2013-09-14,3664.0,0.0,0.0,0.0,0.0,0.0,1.0,0.0,0.0,12.408159234278012,0.0,18.65,1.0
2013-09-15,2048.0,0.0,0.0,0.0,0.0,0.0,0.0,1.0,0.0,12.349429384708658,0.12992125984251968,16.65,0.0
2013-09-16,6130.0,1.0,0.0,0.0,0.0,0.0,0.0,0.0,0.0,12.290650952067413,0.011811023622047244,18.35,0.0
2013-09-17,6568.0,0.0,1.0,0.0,0.0,0.0,0.0,0.0,0.0,12.231832251067802,0.0,15.850000000000001,1.0
2013-09-18,7818.0,0.0,0.0,1.0,0.0,0.0,0.0,0.0,0.0,12.172981523488943,0.0,17.200000000000003,1.0
2013-09-19,8236.0,0.0,0.0,0.0,1.0,0.0,0.0,0.0,0.0,12.114106952886681,0.0,17.8,1.0
2013-09-20,6668.0,0.0,0.0,0.0,0.0,1.0,0.0,0.0,0.0,12.055216679345575,0.14173228346456693,18.3,0.0
2013-09-21,3864.0,0.0,0.0,0.0,0.0,0.0,1.0,0.0,0.0,11.996318814262029,0.0,17.200000000000003,1.0
2013-09-22,1592.0,0.0,0.0,0.0,0.0,0.0,0.0,1.0,0.0,11.937421455146335,0.531496062992126,15.25,0.0
2013-09-23,4514.0,1.0,0.0,0.0,0.0,0.0,0.0,0.0,0.0,11.878532700434485,0.11023622047244094,13.600000000000001,0.0
2013-09-24,6412.0,0.0,1.0,0.0,0.0,0.0,0.0,0.0,0.0,11.819660664299736,0.0,13.9,1.0
2013-09-25,6204.0,0.0,0.0,1.0,0.0,0.0,0.0,0.0,0.0,11.760813491452764,0.07874015748031496,12.75,0.0
2013-09-26,7226.0,0.0,0.0,0.0,1.0,0.0,0.0,0.0,0.0,11.701999371921149,0.0,12.2,1.0
2013-09-27,4298.0,0.0,0.0,0.0,0.0,1.0,0.0,0.0,0.0,11.643226555797323,0.03937007874015748,12.25,0.0
2013-09-28,954.0,0.0,0.0,0.0,0.0,0.0,1.0,0.0,0.0,11.584503367943537,1.7086614173228347,14.2,0.0
2013-09-29,980.0,0.0,0.0,0.0,0.0,0.0,0.0,1.0,0.0,11.52583822264385,0.6614173228346457,12.75,0.0
2013-09-30,4518.0,1.0,0.0,0.0,0.0,0.0,0.0,0.0,0.0,11.467239638189787,0.7283464566929134,11.95,0.0
2013-10-01,5460.0,0.0,1.0,0.0,0.0,0.0,0.0,0.0,0.0,11.408716251388423,0.3110236220472441,11.65,0.0
2013-10-02,4824.0,0.0,0.0,1.0,0.0,0.0,0.0,0.0,0.0,11.350276831979016,0.20866141732283464,11.100000000000001,0.0
2013-10-03,6502.0,0.0,0.0,0.0,1.0,0.0,0.0,0.0,0.0,11.291930296943713,0.031496062992125984,11.65,0.0
2013-10-04,6428.0,0.0,0.0,0.0,0.0,1.0,0.0,0.0,0.0,11.23368572469818,0.0,11.7,1.0
2013-10-05,4306.0,0.0,0.0,0.0,0.0,0.0,1.0,0.0,0.0,11.175552369144606,0.0,14.15,1.0
2013-10-06,4340.0,0.0,0.0,0.0,0.0,0.0,0.0,1.0,0.0,11.117539673571004,0.16141732283464566,15.3,0.0
2013-10-07,5880.0,1.0,0.0,0.0,0.0,0.0,0.0,0.0,0.0,11.059657284376694,0.01968503937007874,13.9,0.0
2013-10-08,5780.0,0.0,1.0,0.0,0.0,0.0,0.0,0.0,0.0,11.001915064604907,0.27165354330708663,10.85,0.0
2013-10-09,7174.0,0.0,0.0,1.0,0.0,0.0,0.0,0.0,0.0,10.944323107260413,0.0,10.3,1.0
2013-10-10,6344.0,0.0,0.0,0.0,1.0,0.0,0.0,0.0,0.0,10.886891748388376,0.03937007874015748,11.350000000000001,0.0
2013-10-11,4668.0,0.0,0.0,0.0,0.0,1.0,0.0,0.0,0.0,10.829631579890677,0.35826771653543305,12.25,0.0
2013-10-12,2548.0,0.0,0.0,0.0,0.0,0.0,1.0,0.0,0.0,10.77255346205146,0.03937007874015748,11.65,0.0
2013-10-13,3030.0,0.0,0.0,0.0,0.0,0.0,0.0,1.0,0.0,10.715668535744456,0.0,10.85,1.0
2013-10-14,6810.0,1.0,0.0,0.0,0.0,0.0,0.0,0.0,1.0,10.658988234291007,0.0,9.75,1.0
2013-10-15,6928.0,0.0,1.0,0.0,0.0,0.0,0.0,0.0,0.0,10.602524294935632,0.0,10.3,1.0
2013-10-16,6680.0,0.0,0.0,1.0,0.0,0.0,0.0,0.0,0.0,10.546288769905583,0.0,10.850000000000001,1.0
2013-10-17,6502.0,0.0,0.0,0.0,1.0,0.0,0.0,0.0,0.0,10.49029403701609,0.0,11.65,1.0
2013-10-18,5900.0,0.0,0.0,0.0,0.0,1.0,0.0,0.0,0.0,10.43455280978332,0.0,10.0,1.0
2013-10-19,2268.0,0.0,0.0,0.0,0.0,0.0,1.0,0.0,0.0,10.37907814700325,0.0,9.2,1.0
2013-10-20,2224.0,0.0,0.0,0.0,0.0,0.0,0.0,1.0,0.0,10.323883461752375,0.0,9.2,1.0
2013-10-21,6012.0,1.0,0.0,0.0,0.0,0.0,0.0,0.0,0.0,10.2689825297655,0.0,10.0,1.0
2013-10-22,6324.0,0.0,1.0,0.0,0.0,0.0,0.0,0.0,0.0,10.214389497141072,0.0,10.8,1.0
2013-10-23,6168.0,0.0,0.0,1.0,0.0,0.0,0.0,0.0,0.0,10.16011888732482,0.0,9.45,1.0
2013-10-24,6030.0,0.0,0.0,0.0,1.0,0.0,0.0,0.0,0.0,10.106185607318654,0.0,8.05,1.0
2013-10-25,4870.0,0.0,0.0,0.0,0.0,1.0,0.0,0.0,0.0,10.052604953059621,0.0,10.0,1.0
2013-10-26,2734.0,0.0,0.0,0.0,0.0,0.0,1.0,0.0,0.0,9.999392613913347,0.0,10.0,1.0
2013-10-27,1556.0,0.0,0.0,0.0,0.0,0.0,0.0,1.0,0.0,9.946564676221897,0.07086614173228346,11.100000000000001,0.0
2013-10-28,6656.0,1.0,0.0,0.0,0.0,0.0,0.0,0.0,0.0,9.894137625847064,0.0,10.8,1.0
2013-10-29,6704.0,0.0,1.0,0.0,0.0,0.0,0.0,0.0,0.0,9.842128349645755,0.0,8.3,1.0
2013-10-30,5908.0,0.0,0.0,1.0,0.0,0.0,0.0,0.0,0.0,9.790554135815201,0.01968503937007874,10.3,0.0
2013-10-31,5146.0,0.0,0.0,0.0,1.0,0.0,0.0,0.0,0.0,9.739432673043117,0.011811023622047244,12.5,0.0
2013-11-01,5624.0,0.0,0.0,0.0,0.0,1.0,0.0,0.0,0.0,9.688782048397128,0.051181102362204724,14.75,0.0
2013-11-02,1340.0,0.0,0.0,0.0,0.0,0.0,1.0,0.0,0.0,9.638620743888794,0.5,11.350000000000001,0.0
2013-11-03,2642.0,0.0,0.0,0.0,0.0,0.0,0.0,1.0,0.0,9.588967631645106,0.01968503937007874,8.3,0.0
2013-11-04,6116.0,1.0,0.0,0.0,0.0,0.0,0.0,0.0,0.0,9.539841967623028,0.0,7.25,1.0
2013-11-05,5578.0,0.0,1.0,0.0,0.0,0.0,0.0,0.0,0.0,9.49126338380189,0.0984251968503937,10.25,0.0
2013-11-06,5836.0,0.0,0.0,1.0,0.0,0.0,0.0,0.0,0.0,9.443251878789864,0.14960629921259844,10.3,0.0
2013-11-07,3418.0,0.0,0.0,0.0,1.0,0.0,0.0,0.0,0.0,9.395827806783938,1.1811023622047243,10.55,0.0
2013-11-08,5264.0,0.0,0.0,0.0,0.0,1.0,0.0,0.0,0.0,9.349011864823353,0.0,10.25,1.0
2013-11-09,2386.0,0.0,0.0,0.0,0.0,0.0,1.0,0.0,0.0,9.302825078280849,0.07086614173228346,8.05,0.0
2013-11-10,1980.0,0.0,0.0,0.0,0.0,0.0,0.0,1.0,0.0,9.257288784540574,0.0,9.7,1.0
2013-11-11,5322.0,1.0,0.0,0.0,0.0,0.0,0.0,0.0,1.0,9.212424614813447,0.0,11.100000000000001,1.0
2013-11-12,4832.0,0.0,1.0,0.0,0.0,0.0,0.0,0.0,0.0,9.168254474049672,0.16141732283464566,12.25,0.0
2013-11-13,6134.0,0.0,0.0,1.0,0.0,0.0,0.0,0.0,0.0,9.124800518911385,0.0,12.25,1.0
2013-11-14,5182.0,0.0,0.0,0.0,1.0,0.0,0.0,0.0,0.0,9.082085133776873,0.051181102362204724,8.6,0.0
2013-11-15,4126.0,0.0,0.0,0.0,0.0,1.0,0.0,0.0,0.0,9.040130904756413,0.11811023622047244,8.9,0.0
2013-11-16,2242.0,0.0,0.0,0.0,0.0,0.0,1.0,0.0,0.0,8.998960591706387,0.0,7.5,1.0
2013-11-17,1932.0,0.0,0.0,0.0,0.0,0.0,0.0,1.0,0.0,8.958597098240357,0.20866141732283464,9.45,0.0
2013-11-18,4224.0,1.0,0.0,0.0,0.0,0.0,0.0,0.0,0.0,8.919063439745655,1.031496062992126,11.100000000000001,0.0
2013-11-19,4618.0,0.0,1.0,0.0,0.0,0.0,0.0,0.0,0.0,8.880382709424708,0.03937007874015748,8.850000000000001,0.0
2013-11-20,5668.0,0.0,0.0,1.0,0.0,0.0,0.0,0.0,0.0,8.842578042394322,0.0,4.75,1.0
2013-11-21,5010.0,0.0,0.0,0.0,1.0,0.0,0.0,0.0,0.0,8.805672577888163,0.0,3.65,1.0
2013-11-22,4660.0,0.0,0.0,0.0,0.0,1.0,0.0,0.0,0.0,8.769689419621647,0.0,4.7,1.0
2013-11-23,2420.0,0.0,0.0,0.0,0.0,0.0,1.0,0.0,0.0,8.734651594394329,0.0,6.1,1.0
2013-11-24,2282.0,0.0,0.0,0.0,0.0,0.0,0.0,1.0,0.0,8.700582009018095,0.0,6.1499999999999995,1.0
2013-11-25,5218.0,1.0,0.0,0.0,0.0,0.0,0.0,0.0,0.0,8.667503405677197,0.0,7.199999999999999,1.0
2013-11-26,5082.0,0.0,1.0,0.0,0.0,0.0,0.0,0.0,0.0,8.635438315840704,0.0,7.5,1.0
2013-11-27,4502.0,0.0,0.0,1.0,0.0,0.0,0.0,0.0,0.0,8.604409012864643,0.0,10.0,1.0
2013-11-28,1164.0,0.0,0.0,0.0,1.0,0.0,0.0,0.0,1.0,8.574437463437873,0.0,7.5,1.0
2013-11-29,2008.0,0.0,0.0,0.0,0.0,1.0,0.0,0.0,0.0,8.5455452780406,0.01968503937007874,7.2,0.0
2013-11-30,1730.0,0.0,0.0,0.0,0.0,0.0,1.0,0.0,0.0,8.517753660601686,0.09055118110236221,9.15,0.0
2013-12-01,1362.0,0.0,0.0,0.0,0.0,0.0,0.0,1.0,0.0,8.491083357554492,0.11811023622047244,10.55,0.0
2013-12-02,4566.0,1.0,0.0,0.0,0.0,0.0,0.0,0.0,0.0,8.465554606506807,0.18110236220472442,4.75,0.0
2013-12-03,4422.0,0.0,1.0,0.0,0.0,0.0,0.0,0.0,0.0,8.44118708475288,0.0,2.25,1.0
2013-12-04,4156.0,0.0,0.0,1.0,0.0,0.0,0.0,0.0,0.0,8.417999857867834,0.0,1.1500000000000001,1.0
2013-12-05,3876.0,0.0,0.0,0.0,1.0,0.0,0.0,0.0,0.0,8.396011328636076,0.0,-1.9000000000000001,1.0
2013-12-06,3388.0,0.0,0.0,0.0,0.0,1.0,0.0,0.0,0.0,8.375239186573285,0.0,-1.5999999999999999,1.0
2013-12-07,1182.0,0.0,0.0,0.0,0.0,0.0,1.0,0.0,0.0,8.355700358309646,0.0,-3.55,1.0
2013-12-08,946.0,0.0,0.0,0.0,0.0,0.0,0.0,1.0,0.0,8.33741095910639,0.0,-2.1999999999999997,1.0
2013-12-09,3586.0,1.0,0.0,0.0,0.0,0.0,0.0,0.0,0.0,8.320386245780426,0.0,-1.9000000000000001,1.0
2013-12-10,3740.0,0.0,1.0,0.0,0.0,0.0,0.0,0.0,0.0,8.304640571312683,0.0,3.0999999999999996,1.0
2013-12-11,4272.0,0.0,0.0,1.0,0.0,0.0,0.0,0.0,0.0,8.290187341412606,0.0,1.7,1.0
2013-12-12,3868.0,0.0,0.0,0.0,1.0,0.0,0.0,0.0,0.0,8.27703897330716,0.27165354330708663,2.55,0.0
2013-12-13,3538.0,0.0,0.0,0.0,0.0,1.0,0.0,0.0,0.0,8.265206857014537,0.01968503937007874,7.5,0.0
2013-12-14,1768.0,0.0,0.0,0.0,0.0,0.0,1.0,0.0,0.0,8.254701319352256,0.0,7.75,1.0
2013-12-15,1510.0,0.0,0.0,0.0,0.0,0.0,0.0,1.0,0.0,8.24553159091678,0.051181102362204724,10.0,0.0
2013-12-16,5000.0,1.0,0.0,0.0,0.0,0.0,0.0,0.0,0.0,8.237705776255341,0.011811023622047244,7.2,0.0
2013-12-17,4464.0,0.0,1.0,0.0,0.0,0.0,0.0,0.0,0.0,8.231230827432894,0.0,6.3500000000000005,1.0
2013-12-18,4342.0,0.0,0.0,1.0,0.0,0.0,0.0,0.0,0.0,8.226112521176224,0.051181102362204724,5.0,0.0
2013-12-19,4150.0,0.0,0.0,0.0,1.0,0.0,0.0,0.0,0.0,8.22235543975433,0.0,2.5,1.0
2013-12-20,1478.0,0.0,0.0,0.0,0.0,1.0,0.0,0.0,0.0,8.219962955729786,0.2204724409448819,4.45,0.0
2013-12-21,1040.0,0.0,0.0,0.0,0.0,0.0,1.0,0.0,0.0,8.218937220689003,0.2204724409448819,7.25,0.0
2013-12-22,800.0,0.0,0.0,0.0,0.0,0.0,0.0,1.0,0.0,8.219279158031831,0.421259842519685,9.45,0.0
2013-12-23,2834.0,1.0,0.0,0.0,0.0,0.0,0.0,0.0,0.0,8.220988459872135,0.05905511811023622,8.899999999999999,0.0
2013-12-24,2164.0,0.0,1.0,0.0,0.0,0.0,0.0,0.0,0.0,8.22406358807155,0.0,5.550000000000001,1.0
2013-12-25,742.0,0.0,0.0,1.0,0.0,0.0,0.0,0.0,1.0,8.228501779399028,0.0,4.2,1.0
2013-12-26,2380.0,0.0,0.0,0.0,1.0,0.0,0.0,0.0,0.0,8.23429905477917,0.0,3.65,1.0
2013-12-27,2132.0,0.0,0.0,0.0,0.0,1.0,0.0,0.0,0.0,8.241450232563214,0.011811023622047244,4.45,0.0
2013-12-28,1750.0,0.0,0.0,0.0,0.0,0.0,1.0,0.0,0.0,8.249948945728374,0.0,6.35,1.0
2013-12-29,1368.0,0.0,0.0,0.0,0.0,0.0,0.0,1.0,0.0,8.259787662883987,0.0,4.45,1.0
2013-12-30,3444.0,1.0,0.0,0.0,0.0,0.0,0.0,0.0,0.0,8.270957712937353,0.011811023622047244,6.65,0.0
2013-12-31,2838.0,0.0,1.0,0.0,0.0,0.0,0.0,0.0,0.0,8.283449313248479,0.01968503937007874,6.65,0.0
2014-01-01,1828.0,0.0,0.0,1.0,0.0,0.0,0.0,0.0,1.0,8.297251601080866,0.0,5.25,1.0
2014-01-02,3730.0,0.0,0.0,0.0,1.0,0.0,0.0,0.0,0.0,8.312352668136302,0.16141732283464566,8.35,0.0
2014-01-03,4054.0,0.0,0.0,0.0,0.0,1.0,0.0,0.0,0.0,8.328739597944551,0.05905511811023622,5.85,0.0
2014-01-04,2344.0,0.0,0.0,0.0,0.0,0.0,1.0,0.0,0.0,8.346398505863785,0.0,4.2,1.0
2014-01-05,2302.0,0.0,0.0,0.0,0.0,0.0,0.0,1.0,0.0,8.365314581437062,0.0,3.9000000000000004,1.0
2014-01-06,4608.0,1.0,0.0,0.0,0.0,0.0,0.0,0.0,0.0,8.385472132839677,0.011811023622047244,3.65,0.0
2014-01-07,4164.0,0.0,1.0,0.0,0.0,0.0,0.0,0.0,0.0,8.406854633147002,0.48031496062992124,6.65,0.0
2014-01-08,3896.0,0.0,0.0,1.0,0.0,0.0,0.0,0.0,0.0,8.42944476814847,0.38188976377952755,8.6,0.0
2014-01-09,4240.0,0.0,0.0,0.0,1.0,0.0,0.0,0.0,0.0,8.453224485431763,0.2283464566929134,7.5,0.0
2014-01-10,3560.0,0.0,0.0,0.0,0.0,1.0,0.0,0.0,0.0,8.478175044464045,0.16929133858267717,10.55,0.0
2014-01-11,846.0,0.0,0.0,0.0,0.0,0.0,1.0,0.0,0.0,8.504277067399856,0.8385826771653543,10.8,0.0
2014-01-12,1310.0,0.0,0.0,0.0,0.0,0.0,0.0,1.0,0.0,8.531510590351534,0.05905511811023622,8.35,0.0
2014-01-13,5060.0,1.0,0.0,0.0,0.0,0.0,0.0,0.0,0.0,8.559855114866858,0.0,10.3,1.0
2014-01-14,5616.0,0.0,1.0,0.0,0.0,0.0,0.0,0.0,0.0,8.589289659367433,0.0,9.15,1.0
2014-01-15,5544.0,0.0,0.0,1.0,0.0,0.0,0.0,0.0,0.0,8.61979281031336,0.0,8.35,1.0
2014-01-16,5282.0,0.0,0.0,0.0,1.0,0.0,0.0,0.0,0.0,8.65134277287288,0.0,5.550000000000001,1.0
2014-01-17,4620.0,0.0,0.0,0.0,0.0,1.0,0.0,0.0,0.0,8.68391742088836,0.0,4.199999999999999,1.0
2014-01-18,2270.0,0.0,0.0,0.0,0.0,0.0,1.0,0.0,0.0,8.717494345946484,0.0,5.0,1.0
2014-01-19,1644.0,0.0,0.0,0.0,0.0,0.0,0.0,1.0,0.0,8.752050905374393,0.0,4.699999999999999,1.0
2014-01-20,3748.0,1.0,0.0,0.0,0.0,0.0,0.0,0.0,1.0,8.787564269000434,0.0,6.4,1.0
2014-01-21,5360.0,0.0,1.0,0.0,0.0,0.0,0.0,0.0,0.0,8.824011464534323,0.0,5.85,1.0
2014-01-22,5384.0,0.0,0.0,1.0,0.0,0.0,0.0,0.0,0.0,8.861369421436898,0.01968503937007874,7.5,0.0
2014-01-23,5298.0,0.0,0.0,0.0,1.0,0.0,0.0,0.0,0.0,8.899615013167221,0.0,6.4,1.0
2014-01-24,5042.0,0.0,0.0,0.0,0.0,1.0,0.0,0.0,0.0,8.938725097708913,0.0,6.95,1.0
2014-01-25,2882.0,0.0,0.0,0.0,0.0,0.0,1.0,0.0,0.0,8.978676556294971,0.0,6.6499999999999995,1.0
2014-01-26,2858.0,0.0,0.0,0.0,0.0,0.0,0.0,1.0,0.0,9.019446330263458,0.0,4.45,1.0
2014-01-27,4998.0,1.0,0.0,0.0,0.0,0.0,0.0,0.0,0.0,9.061011455991865,0.0,5.55,1.0
2014-01-28,4932.0,0.0,1.0,0.0,0.0,0.0,0.0,0.0,0.0,9.103349097871664,0.35039370078740156,8.6,0.0
2014-01-29,3798.0,0.0,0.0,1.0,0.0,0.0,0.0,0.0,0.0,9.146436579296031,0.8503937007874016,9.15,0.0
2014-01-30,4458.0,0.0,0.0,0.0,1.0,0.0,0.0,0.0,0.0,9.190251411647717,0.0,7.2,1.0
2014-01-31,4070.0,0.0,0.0,0.0,0.0,1.0,0.0,0.0,0.0,9.234771321283139,0.09055118110236221,6.699999999999999,0.0
2014-02-01,2268.0,0.0,0.0,0.0,0.0,0.0,1.0,0.0,0.0,9.27997427452027,0.07874015748031496,5.3,0.0
2014-02-02,2190.0,0.0,0.0,0.0,0.0,0.0,0.0,1.0,0.0,9.325838500647174,0.0,5.0,1.0
2014-02-03,4580.0,1.0,0.0,0.0,0.0,0.0,0.0,0.0,0.0,9.372342512975186,0.0,2.5,1.0
2014-02-04,4182.0,0.0,1.0,0.0,0.0,0.0,0.0,0.0,0.0,9.419465127970254,0.0,0.34999999999999987,1.0
2014-02-05,5176.0,0.0,0.0,1.0,0.0,0.0,0.0,0.0,0.0,9.467185482500613,0.0,-3.0,1.0
2014-02-06,3124.0,0.0,0.0,0.0,1.0,0.0,0.0,0.0,0.0,9.515483049245969,0.0,-3.8,1.0
2014-02-07,3144.0,0.0,0.0,0.0,0.0,1.0,0.0,0.0,0.0,9.564337650318478,0.0,-0.8000000000000003,1.0
2014-02-08,1590.0,0.0,0.0,0.0,0.0,0.0,1.0,0.0,0.0,9.613729469148625,0.20078740157480315,2.55,0.0
2014-02-09,442.0,0.0,0.0,0.0,0.0,0.0,0.0,1.0,0.0,9.663639060694729,0.01968503937007874,1.95,0.0
2014-02-10,2856.0,1.0,0.0,0.0,0.0,0.0,0.0,0.0,0.0,9.714047360035492,0.7204724409448819,6.1,0.0
2014-02-11,4048.0,0.0,1.0,0.0,0.0,0.0,0.0,0.0,0.0,9.764935689408485,0.6692913385826772,8.899999999999999,0.0
2014-02-12,4278.0,0.0,0.0,1.0,0.0,0.0,0.0,0.0,0.0,9.81628576375921,0.18110236220472442,9.7,0.0
2014-02-13,4778.0,0.0,0.0,0.0,1.0,0.0,0.0,0.0,0.0,9.868079694864798,0.07086614173228346,10.3,0.0
2014-02-14,3572.0,0.0,0.0,0.0,0.0,1.0,0.0,0.0,0.0,9.920299994099397,0.3700787401574803,8.899999999999999,0.0
2014-02-15,1316.0,0.0,0.0,0.0,0.0,0.0,1.0,0.0,0.0,9.972929573905786,0.46062992125984253,8.05,0.0
2014-02-16,970.0,0.0,0.0,0.0,0.0,0.0,0.0,1.0,0.0,10.025951748039965,1.0393700787401574,6.65,0.0
2014-02-17,2056.0,1.0,0.0,0.0,0.0,0.0,0.0,0.0,1.0,10.079350230652693,0.5708661417322834,6.3500000000000005,0.0
2014-02-18,3050.0,0.0,1.0,0.0,0.0,0.0,0.0,0.0,0.0,10.133109134272162,0.5984251968503937,6.95,0.0
2014-02-19,4334.0,0.0,0.0,1.0,0.0,0.0,0.0,0.0,0.0,10.187212966751105,0.03937007874015748,6.1000000000000005,0.0
2014-02-20,4428.0,0.0,0.0,0.0,1.0,0.0,0.0,0.0,0.0,10.241646627238328,0.11811023622047244,7.8,0.0
2014-02-21,3778.0,0.0,0.0,0.0,0.0,1.0,0.0,0.0,0.0,10.296395401235635,0.11023622047244094,5.3,0.0
2014-02-22,1248.0,0.0,0.0,0.0,0.0,0.0,1.0,0.0,0.0,10.351444954796719,0.0984251968503937,4.199999999999999,0.0
2014-02-23,1382.0,0.0,0.0,0.0,0.0,0.0,0.0,1.0,0.0,10.40678132792416,0.24015748031496062,5.55,0.0
2014-02-24,3114.0,1.0,0.0,0.0,0.0,0.0,0.0,0.0,0.0,10.462390927218747,0.5118110236220472,5.0,0.0
2014-02-25,5126.0,0.0,1.0,0.0,0.0,0.0,0.0,0.0,0.0,10.518260517831461,0.011811023622047244,8.049999999999999,0.0
2014-02-26,5920.0,0.0,0.0,1.0,0.0,0.0,0.0,0.0,0.0,10.574377214768436,0.0,9.75,1.0
2014-02-27,5442.0,0.0,0.0,0.0,1.0,0.0,0.0,0.0,0.0,10.630728473595834,0.0,8.600000000000001,1.0
2014-02-28,5658.0,0.0,0.0,0.0,0.0,1.0,0.0,0.0,0.0,10.687302080588138,0.0,9.4,1.0
2014-03-01,1978.0,0.0,0.0,0.0,0.0,0.0,1.0,0.0,0.0,10.744086142364495,0.01968503937007874,5.800000000000001,0.0
2014-03-02,862.0,0.0,0.0,0.0,0.0,0.0,0.0,1.0,0.0,10.80106907505121,0.7519685039370079,6.949999999999999,0.0
2014-03-03,3440.0,1.0,0.0,0.0,0.0,0.0,0.0,0.0,0.0,10.858239593009827,0.421259842519685,11.65,0.0
2014-03-04,4106.0,0.0,1.0,0.0,0.0,0.0,0.0,0.0,0.0,10.915586697166358,0.6496062992125984,10.85,0.0
2014-03-05,3748.0,0.0,0.0,1.0,0.0,0.0,0.0,0.0,0.0,10.973099662974228,1.8385826771653544,13.1,0.0
2014-03-06,3602.0,0.0,0.0,0.0,1.0,0.0,0.0,0.0,0.0,11.03076802804438,0.11811023622047244,11.65,0.0
2014-03-07,5120.0,0.0,0.0,0.0,0.0,1.0,0.0,0.0,0.0,11.088581579470995,0.0,12.25,1.0
2014-03-08,1452.0,0.0,0.0,0.0,0.0,0.0,1.0,0.0,0.0,11.146530340880359,1.2716535433070866,9.75,0.0
2014-03-09,2284.0,0.0,0.0,0.0,0.0,0.0,0.0,1.0,0.0,11.204604559229844,0.16929133858267717,12.2,0.0
2014-03-10,4290.0,1.0,0.0,0.0,0.0,0.0,0.0,0.0,0.0,11.262794691379986,0.7401574803149606,9.149999999999999,0.0
2014-03-11,6832.0,0.0,1.0,0.0,0.0,0.0,0.0,0.0,0.0,11.321091390462591,0.0,9.4,1.0
2014-03-12,7330.0,0.0,0.0,1.0,0.0,0.0,0.0,0.0,0.0,11.37948549206627,0.0,9.700000000000001,1.0
2014-03-13,6626.0,0.0,0.0,0.0,1.0,0.0,0.0,0.0,0.0,11.437968000257646,0.01968503937007874,9.45,0.0
2014-03-14,4432.0,0.0,0.0,0.0,0.0,1.0,0.0,0.0,0.0,11.496530073457754,0.27165354330708663,11.350000000000001,0.0
2014-03-15,2354.0,0.0,0.0,0.0,0.0,0.0,1.0,0.0,0.0,11.55516301018932,0.3188976377952756,10.55,0.0
2014-03-16,750.0,0.0,0.0,0.0,0.0,0.0,0.0,1.0,0.0,11.613858234710998,1.0905511811023623,7.5,0.0
2014-03-17,5618.0,1.0,0.0,0.0,0.0,0.0,0.0,0.0,0.0,11.672607282553786,0.011811023622047244,6.4,0.0
2014-03-18,5604.0,0.0,1.0,0.0,0.0,0.0,0.0,0.0,0.0,11.731401785972068,0.0,6.65,1.0
2014-03-19,4384.0,0.0,0.0,1.0,0.0,0.0,0.0,0.0,0.0,11.790233459323675,0.01968503937007874,7.199999999999999,0.0
2014-03-20,5382.0,0.0,0.0,0.0,1.0,0.0,0.0,0.0,0.0,11.849094084389613,0.0,6.3999999999999995,1.0
2014-03-21,5304.0,0.0,0.0,0.0,0.0,1.0,0.0,0.0,0.0,11.907975495646442,0.0,6.699999999999999,1.0
2014-03-22,3008.0,0.0,0.0,0.0,0.0,0.0,1.0,0.0,0.0,11.966869565501252,0.0,6.1,1.0
2014-03-23,3926.0,0.0,0.0,0.0,0.0,0.0,0.0,1.0,0.0,12.025768189500296,0.0,8.600000000000001,1.0
2014-03-24,7272.0,1.0,0.0,0.0,0.0,0.0,0.0,0.0,0.0,12.08466327152219,0.0,10.85,1.0
2014-03-25,4174.0,0.0,1.0,0.0,0.0,0.0,0.0,0.0,0.0,12.143546708964692,0.16141732283464566,10.3,0.0
2014-03-26,4692.0,0.0,0.0,1.0,0.0,0.0,0.0,0.0,0.0,12.202410377936616,0.14173228346456693,8.35,0.0
2014-03-27,4714.0,0.0,0.0,0.0,1.0,0.0,0.0,0.0,0.0,12.261246118463951,0.011811023622047244,9.45,0.0
2014-03-28,3050.0,0.0,0.0,0.0,0.0,1.0,0.0,0.0,0.0,12.320045719720909,0.8700787401574803,9.45,0.0
2014-03-29,1142.0,0.0,0.0,0.0,0.0,0.0,1.0,0.0,0.0,12.378800905297153,0.5511811023622047,9.45,0.0
2014-03-30,2640.0,0.0,0.0,0.0,0.0,0.0,0.0,1.0,0.0,12.437503318510855,0.0,8.05,1.0
2014-03-31,6872.0,1.0,0.0,0.0,0.0,0.0,0.0,0.0,0.0,12.496144507780627,0.0,8.9,1.0
2014-04-01,7582.0,0.0,1.0,0.0,0.0,0.0,0.0,0.0,0.0,12.554715912067154,0.0,10.55,1.0
2014-04-02,7344.0,0.0,0.0,1.0,0.0,0.0,0.0,0.0,0.0,12.613208846397791,0.0,10.0,1.0
2014-04-03,5246.0,0.0,0.0,0.0,1.0,0.0,0.0,0.0,0.0,12.67161448748824,0.0984251968503937,9.7,0.0
2014-04-04,5634.0,0.0,0.0,0.0,0.0,1.0,0.0,0.0,0.0,12.729923859474603,0.0,9.45,1.0
2014-04-05,2088.0,0.0,0.0,0.0,0.0,0.0,1.0,0.0,0.0,12.788127819772818,0.18110236220472442,9.75,0.0
2014-04-06,3086.0,0.0,0.0,0.0,0.0,0.0,0.0,1.0,0.0,12.846217045080943,0.0,11.100000000000001,1.0
2014-04-07,8638.0,1.0,0.0,0.0,0.0,0.0,0.0,0.0,0.0,12.90418201754273,0.0,15.25,1.0
2014-04-08,5612.0,0.0,1.0,0.0,0.0,0.0,0.0,0.0,0.0,12.962013011092221,0.18110236220472442,11.95,0.0
2014-04-09,7656.0,0.0,0.0,1.0,0.0,0.0,0.0,0.0,0.0,13.019700077998893,0.0,10.55,1.0
2014-04-10,7880.0,0.0,0.0,0.0,1.0,0.0,0.0,0.0,0.0,13.077233035637079,0.0,10.85,1.0
2014-04-11,6870.0,0.0,0.0,0.0,0.0,1.0,0.0,0.0,0.0,13.134601453502121,0.0,11.1,1.0
2014-04-12,4370.0,0.0,0.0,0.0,0.0,0.0,1.0,0.0,0.0,13.191794640500289,0.0,11.950000000000001,1.0
2014-04-13,5294.0,0.0,0.0,0.0,0.0,0.0,0.0,1.0,0.0,13.248801632538797,0.0,13.100000000000001,1.0
2014-04-14,8012.0,1.0,0.0,0.0,0.0,0.0,0.0,0.0,0.0,13.305611180445782,0.0,12.8,1.0
2014-04-15,6412.0,0.0,1.0,0.0,0.0,0.0,0.0,0.0,0.0,13.362211738252057,0.01968503937007874,11.1,0.0
2014-04-16,4266.0,0.0,0.0,1.0,0.0,0.0,0.0,0.0,0.0,13.418591451866932,0.42913385826771655,10.0,0.0
2014-04-17,3500.0,0.0,0.0,0.0,1.0,0.0,0.0,0.0,0.0,13.474738148184992,0.7283464566929134,9.45,0.0
2014-04-18,5860.0,0.0,0.0,0.0,0.0,1.0,0.0,0.0,0.0,13.530639324660498,0.0,10.0,1.0
2014-04-19,1812.0,0.0,0.0,0.0,0.0,0.0,1.0,0.0,0.0,13.586282139389715,0.5393700787401575,8.649999999999999,0.0
2014-04-20,3468.0,0.0,0.0,0.0,0.0,0.0,0.0,1.0,0.0,13.641653401743929,0.0,10.6,1.0
2014-04-21,6802.0,1.0,0.0,0.0,0.0,0.0,0.0,0.0,0.0,13.696739563596429,0.20078740157480315,12.5,0.0
2014-04-22,4846.0,0.0,1.0,0.0,0.0,0.0,0.0,0.0,0.0,13.751526711191344,0.5590551181102362,8.6,0.0
2014-04-23,5664.0,0.0,0.0,1.0,0.0,0.0,0.0,0.0,0.0,13.80600055770306,0.35039370078740156,8.899999999999999,0.0
2014-04-24,5022.0,0.0,0.0,0.0,1.0,0.0,0.0,0.0,0.0,13.8601464365364,0.4881889763779528,10.0,0.0
2014-04-25,6388.0,0.0,0.0,0.0,0.0,1.0,0.0,0.0,0.0,13.913949295422949,0.0,10.0,1.0
2014-04-26,4098.0,0.0,0.0,0.0,0.0,0.0,1.0,0.0,0.0,13.967393691366942,0.12992125984251968,10.3,0.0
2014-04-27,2804.0,0.0,0.0,0.0,0.0,0.0,0.0,1.0,0.0,14.020463786499723,0.27165354330708663,8.6,0.0
2014-04-28,7516.0,1.0,0.0,0.0,0.0,0.0,0.0,0.0,0.0,14.073143344901393,0.0,10.25,1.0
2014-04-29,9606.0,0.0,1.0,0.0,0.0,0.0,0.0,0.0,0.0,14.125415730450628,0.0,17.2,1.0
2014-04-30,10334.0,0.0,0.0,1.0,0.0,0.0,0.0,0.0,0.0,14.177263905765574,0.0,18.6,1.0
2014-05-01,11874.0,0.0,0.0,0.0,1.0,0.0,0.0,0.0,0.0,14.228670432299156,0.0,20.25,1.0
2014-05-02,9216.0,0.0,0.0,0.0,0.0,1.0,0.0,0.0,0.0,14.279617471654097,0.0,14.45,1.0
2014-05-03,2314.0,0.0,0.0,0.0,0.0,0.0,1.0,0.0,0.0,14.330086788182793,1.311023622047244,11.95,0.0
2014-05-04,1240.0,0.0,0.0,0.0,0.0,0.0,0.0,1.0,0.0,14.380059752937818,0.6299212598425197,11.65,0.0
2014-05-05,6602.0,1.0,0.0,0.0,0.0,0.0,0.0,0.0,0.0,14.429517349038868,0.20078740157480315,12.5,0.0
2014-05-06,9272.0,0.0,1.0,0.0,0.0,0.0,0.0,0.0,0.0,14.478440178521922,0.0,12.5,1.0
2014-05-07,10910.0,0.0,0.0,1.0,0.0,0.0,0.0,0.0,0.0,14.526808470733858,0.0,12.75,1.0
2014-05-08,6460.0,0.0,0.0,0.0,1.0,0.0,0.0,0.0,0.0,14.574602092336571,0.5393700787401575,11.65,0.0
2014-05-09,6072.0,0.0,0.0,0.0,0.0,1.0,0.0,0.0,0.0,14.621800558980027,0.07874015748031496,10.25,0.0
2014-05-10,3450.0,0.0,0.0,0.0,0.0,0.0,1.0,0.0,0.0,14.66838304870339,0.01968503937007874,11.4,0.0
2014-05-11,4752.0,0.0,0.0,0.0,0.0,0.0,0.0,1.0,0.0,14.714328417117816,0.0,13.6,1.0
2014-05-12,10864.0,1.0,0.0,0.0,0.0,0.0,0.0,0.0,0.0,14.75961521442174,0.0,16.9,1.0
2014-05-13,12176.0,0.0,1.0,0.0,0.0,0.0,0.0,0.0,0.0,14.804221704294564,0.0,19.75,1.0
2014-05-14,11774.0,0.0,0.0,1.0,0.0,0.0,0.0,0.0,0.0,14.84812588470759,0.0,20.55,1.0
2014-05-15,10600.0,0.0,0.0,0.0,1.0,0.0,0.0,0.0,0.0,14.891305510686713,0.0,19.75,1.0
2014-05-16,11484.0,0.0,0.0,0.0,0.0,1.0,0.0,0.0,0.0,14.933738119051736,0.0,15.85,1.0
2014-05-17,4082.0,0.0,0.0,0.0,0.0,0.0,1.0,0.0,0.0,14.975401055150364,0.0,15.85,1.0
2014-05-18,3874.0,0.0,0.0,0.0,0.0,0.0,0.0,1.0,0.0,15.01627150159557,0.0,15.3,1.0
2014-05-19,9404.0,1.0,0.0,0.0,0.0,0.0,0.0,0.0,0.0,15.056326509003837,0.0,15.55,1.0
2014-05-20,11356.0,0.0,1.0,0.0,0.0,0.0,0.0,0.0,0.0,15.095543028722561,0.0,16.1,1.0
2014-05-21,10458.0,0.0,0.0,1.0,0.0,0.0,0.0,0.0,0.0,15.133897947521275,0.0,15.3,1.0
2014-05-22,9820.0,0.0,0.0,0.0,1.0,0.0,0.0,0.0,0.0,15.171368124209762,0.0,18.049999999999997,1.0
2014-05-23,5112.0,0.0,0.0,0.0,0.0,1.0,0.0,0.0,0.0,15.207930428132594,0.14960629921259844,16.4,0.0
2014-05-24,4310.0,0.0,0.0,0.0,0.0,0.0,1.0,0.0,0.0,15.243561779474403,0.0,14.7,1.0
2014-05-25,2468.0,0.0,0.0,0.0,0.0,0.0,0.0,1.0,0.0,15.27823919129692,0.2204724409448819,12.8,0.0
2014-05-26,4578.0,1.0,0.0,0.0,0.0,0.0,0.0,0.0,1.0,15.311939813211795,0.0,14.7,1.0
2014-05-27,10064.0,0.0,1.0,0.0,0.0,0.0,0.0,0.0,0.0,15.344640976578505,0.0,15.0,1.0
2014-05-28,8016.0,0.0,0.0,1.0,0.0,0.0,0.0,0.0,0.0,15.376320241100375,0.0,14.45,1.0
2014-05-29,9174.0,0.0,0.0,0.0,1.0,0.0,0.0,0.0,0.0,15.406955442674663,0.0,15.0,1.0
2014-05-30,9738.0,0.0,0.0,0.0,0.0,1.0,0.0,0.0,0.0,15.43652474233794,0.0,14.75,1.0
2014-05-31,5774.0,0.0,0.0,0.0,0.0,0.0,1.0,0.0,0.0,15.46500667613032,0.0,16.65,1.0
2014-06-01,5202.0,0.0,0.0,0.0,0.0,0.0,0.0,1.0,0.0,15.492380205688228,0.0,16.4,1.0
2014-06-02,9828.0,1.0,0.0,0.0,0.0,0.0,0.0,0.0,0.0,15.51862476935905,0.0,17.2,1.0
2014-06-03,9340.0,0.0,1.0,0.0,0.0,0.0,0.0,0.0,0.0,15.543720333617845,0.0,14.7,1.0
2014-06-04,9726.0,0.0,0.0,1.0,0.0,0.0,0.0,0.0,0.0,15.56764744455336,0.0,14.7,1.0
2014-06-05,9350.0,0.0,0.0,0.0,1.0,0.0,0.0,0.0,0.0,15.590387279178106,0.0,16.1,1.0
2014-06-06,8764.0,0.0,0.0,0.0,0.0,1.0,0.0,0.0,0.0,15.611921696308466,0.0,17.8,1.0
2014-06-07,5614.0,0.0,0.0,0.0,0.0,0.0,1.0,0.0,0.0,15.632233286751239,0.0,18.85,1.0
2014-06-08,7094.0,0.0,0.0,0.0,0.0,0.0,0.0,1.0,0.0,15.651305422527535,0.0,17.75,1.0
2014-06-09,8256.0,1.0,0.0,0.0,0.0,0.0,0.0,0.0,0.0,15.669122304860574,0.0,17.200000000000003,1.0
2014-06-10,9060.0,0.0,1.0,0.0,0.0,0.0,0.0,0.0,0.0,15.685669010651731,0.0,16.1,1.0
2014-06-11,10392.0,0.0,0.0,1.0,0.0,0.0,0.0,0.0,0.0,15.700931537170474,0.0,17.5,1.0
2014-06-12,8154.0,0.0,0.0,0.0,1.0,0.0,0.0,0.0,0.0,15.71489684468679,0.07086614173228346,16.95,0.0
2014-06-13,4532.0,0.0,0.0,0.0,0.0,1.0,0.0,0.0,0.0,15.72755289678026,0.25196850393700787,13.35,0.0
2014-06-14,3546.0,0.0,0.0,0.0,0.0,0.0,1.0,0.0,0.0,15.738888698069767,0.0,14.75,1.0
2014-06-15,2534.0,0.0,0.0,0.0,0.0,0.0,0.0,1.0,0.0,15.7488943291179,0.01968503937007874,14.15,0.0
2014-06-16,6722.0,1.0,0.0,0.0,0.0,0.0,0.0,0.0,0.0,15.757560978279306,0.14173228346456693,13.350000000000001,0.0
2014-06-17,8214.0,0.0,1.0,0.0,0.0,0.0,0.0,0.0,0.0,15.764880970278384,0.051181102362204724,13.9,0.0
2014-06-18,9300.0,0.0,0.0,1.0,0.0,0.0,0.0,0.0,0.0,15.770847791321007,0.0,15.0,1.0
2014-06-19,8824.0,0.0,0.0,0.0,1.0,0.0,0.0,0.0,0.0,15.775456110566738,0.031496062992125984,18.65,0.0
2014-06-20,7580.0,0.0,0.0,0.0,0.0,1.0,0.0,0.0,0.0,15.778701797811166,0.011811023622047244,15.0,0.0
2014-06-21,6408.0,0.0,0.0,0.0,0.0,0.0,1.0,0.0,0.0,15.780581937253672,0.0,16.4,1.0
2014-06-22,5428.0,0.0,0.0,0.0,0.0,0.0,0.0,1.0,0.0,15.781094837252823,0.0,18.05,1.0
2014-06-23,8954.0,1.0,0.0,0.0,0.0,0.0,0.0,0.0,0.0,15.780240035999618,0.0,19.15,1.0
2014-06-24,8684.0,0.0,1.0,0.0,0.0,0.0,0.0,0.0,0.0,15.778018303067988,0.0,19.4,1.0
2014-06-25,9064.0,0.0,0.0,1.0,0.0,0.0,0.0,0.0,0.0,15.774431636831412,0.0,20.0,1.0
2014-06-26,7714.0,0.0,0.0,0.0,1.0,0.0,0.0,0.0,0.0,15.769483257764167,0.0,17.75,1.0
2014-06-27,5742.0,0.0,0.0,0.0,0.0,1.0,0.0,0.0,0.0,15.763177597675202,0.07086614173228346,17.5,0.0
2014-06-28,3560.0,0.0,0.0,0.0,0.0,0.0,1.0,0.0,0.0,15.75552028495145,0.09055118110236221,16.65,0.0
2014-06-29,4624.0,0.0,0.0,0.0,0.0,0.0,0.0,1.0,0.0,15.74651812591537,0.0,16.700000000000003,1.0
2014-06-30,9604.0,1.0,0.0,0.0,0.0,0.0,0.0,0.0,0.0,15.736179082427753,0.0,19.200000000000003,1.0
2014-07-01,10294.0,0.0,1.0,0.0,0.0,0.0,0.0,0.0,0.0,15.724512245892384,0.0,25.0,1.0
2014-07-02,9484.0,0.0,0.0,1.0,0.0,0.0,0.0,0.0,0.0,15.711527807841538,0.0,20.8,1.0
2014-07-03,7518.0,0.0,0.0,0.0,1.0,0.0,0.0,0.0,0.0,15.69723702730291,0.0,17.8,1.0
2014-07-04,6568.0,0.0,0.0,0.0,0.0,1.0,0.0,0.0,1.0,15.681652195166492,0.0,18.9,1.0
2014-07-05,3952.0,0.0,0.0,0.0,0.0,0.0,1.0,0.0,0.0,15.664786595786651,0.0,18.85,1.0
2014-07-06,5764.0,0.0,0.0,0.0,0.0,0.0,0.0,1.0,0.0,15.646654466067693,0.0,21.95,1.0
2014-07-07,8912.0,1.0,0.0,0.0,0.0,0.0,0.0,0.0,0.0,15.627270952291868,0.0,22.5,1.0
2014-07-08,10430.0,0.0,1.0,0.0,0.0,0.0,0.0,0.0,0.0,15.606652064957427,0.0,22.8,1.0
2014-07-09,10270.0,0.0,0.0,1.0,0.0,0.0,0.0,0.0,0.0,15.584814631898638,0.0,20.3,1.0
2014-07-10,9600.0,0.0,0.0,0.0,1.0,0.0,0.0,0.0,0.0,15.561776249963307,0.0,20.85,1.0
2014-07-11,8336.0,0.0,0.0,0.0,0.0,1.0,0.0,0.0,0.0,15.537555235522692,0.0,23.05,1.0
2014-07-12,4960.0,0.0,0.0,0.0,0.0,0.0,1.0,0.0,0.0,15.51217057408642,0.0,24.450000000000003,1.0
2014-07-13,4596.0,0.0,0.0,0.0,0.0,0.0,0.0,1.0,0.0,15.485641869290697,0.0,22.2,1.0
2014-07-14,8822.0,1.0,0.0,0.0,0.0,0.0,0.0,0.0,0.0,15.45798929152053,0.0,21.4,1.0
2014-07-15,9882.0,0.0,1.0,0.0,0.0,0.0,0.0,0.0,0.0,15.429233526418686,0.0,22.5,1.0
2014-07-16,10018.0,0.0,0.0,1.0,0.0,0.0,0.0,0.0,0.0,15.399395723523142,0.0,22.75,1.0
2014-07-17,9070.0,0.0,0.0,0.0,1.0,0.0,0.0,0.0,0.0,15.368497445262607,0.0,20.3,1.0
2014-07-18,8270.0,0.0,0.0,0.0,0.0,1.0,0.0,0.0,0.0,15.336560616527454,0.0,17.799999999999997,1.0
2014-07-19,4240.0,0.0,0.0,0.0,0.0,0.0,1.0,0.0,0.0,15.303607475017571,0.0,20.3,1.0
2014-07-20,3070.0,0.0,0.0,0.0,0.0,0.0,0.0,1.0,0.0,15.269660522555164,0.0,16.9,1.0
2014-07-21,9050.0,1.0,0.0,0.0,0.0,0.0,0.0,0.0,0.0,15.234742477533812,0.0,18.6,1.0
2014-07-22,9556.0,0.0,1.0,0.0,0.0,0.0,0.0,0.0,0.0,15.198876228659103,0.011811023622047244,17.200000000000003,0.0
2014-07-23,3978.0,0.0,0.0,1.0,0.0,0.0,0.0,0.0,0.0,15.162084790120854,0.7598425196850394,16.1,0.0
2014-07-24,6004.0,0.0,0.0,0.0,1.0,0.0,0.0,0.0,0.0,15.12439125831918,0.0,16.700000000000003,1.0
2014-07-25,8144.0,0.0,0.0,0.0,0.0,1.0,0.0,0.0,0.0,15.08581877025245,0.0,17.5,1.0
2014-07-26,5420.0,0.0,0.0,0.0,0.0,0.0,1.0,0.0,0.0,15.046390463657415,0.0,19.700000000000003,1.0
2014-07-27,5254.0,0.0,0.0,0.0,0.0,0.0,0.0,1.0,0.0,15.006129438978531,0.0,21.65,1.0
2014-07-28,9592.0,1.0,0.0,0.0,0.0,0.0,0.0,0.0,0.0,14.965058723227328,0.0,22.8,1.0
2014-07-29,10496.0,0.0,1.0,0.0,0.0,0.0,0.0,0.0,0.0,14.923201235778917,0.0,22.8,1.0
2014-07-30,10118.0,0.0,0.0,1.0,0.0,0.0,0.0,0.0,0.0,14.880579756140428,0.0,21.9,1.0
2014-07-31,9670.0,0.0,0.0,0.0,1.0,0.0,0.0,0.0,0.0,14.837216893711862,0.0,24.200000000000003,1.0
2014-08-01,8212.0,0.0,0.0,0.0,0.0,1.0,0.0,0.0,0.0,14.79313505955008,0.0,21.95,1.0
2014-08-02,4220.0,0.0,0.0,0.0,0.0,0.0,1.0,0.0,0.0,14.748356440134646,0.01968503937007874,22.5,0.0
2014-08-03,5034.0,0.0,0.0,0.0,0.0,0.0,0.0,1.0,0.0,14.702902973124376,0.0,23.05,1.0
2014-08-04,9380.0,1.0,0.0,0.0,0.0,0.0,0.0,0.0,0.0,14.656796325085745,0.0,24.45,1.0
2014-08-05,9638.0,0.0,1.0,0.0,0.0,0.0,0.0,0.0,0.0,14.610057871164216,0.0,19.45,1.0
2014-08-06,9556.0,0.0,0.0,1.0,0.0,0.0,0.0,0.0,0.0,14.562708676664425,0.0,20.55,1.0
2014-08-07,9106.0,0.0,0.0,0.0,1.0,0.0,0.0,0.0,0.0,14.514769480497492,0.0,19.450000000000003,1.0
2014-08-08,7912.0,0.0,0.0,0.0,0.0,1.0,0.0,0.0,0.0,14.466260680448237,0.0,19.450000000000003,1.0
2014-08-09,4858.0,0.0,0.0,0.0,0.0,0.0,1.0,0.0,0.0,14.417202320211734,0.0,21.4,1.0
2014-08-10,5100.0,0.0,0.0,0.0,0.0,0.0,0.0,1.0,0.0,14.367614078142843,0.0,22.25,1.0
2014-08-11,8650.0,1.0,0.0,0.0,0.0,0.0,0.0,0.0,0.0,14.31751525766007,0.01968503937007874,26.700000000000003,0.0
2014-08-12,7534.0,0.0,1.0,0.0,0.0,0.0,0.0,0.0,0.0,14.266924779243663,0.5,22.2,0.0
2014-08-13,6572.0,0.0,0.0,1.0,0.0,0.0,0.0,0.0,0.0,14.215861173962766,0.8503937007874016,19.15,0.0
2014-08-14,8058.0,0.0,0.0,0.0,1.0,0.0,0.0,0.0,0.0,14.164342578468933,0.0,19.15,1.0
2014-08-15,6244.0,0.0,0.0,0.0,0.0,1.0,0.0,0.0,0.0,14.112386731389314,0.03937007874015748,20.549999999999997,0.0
2014-08-16,4768.0,0.0,0.0,0.0,0.0,0.0,1.0,0.0,0.0,14.060010971054131,0.0,20.6,1.0
2014-08-17,4892.0,0.0,0.0,0.0,0.0,0.0,0.0,1.0,0.0,14.007232234492893,0.0,21.4,1.0
2014-08-18,9272.0,1.0,0.0,0.0,0.0,0.0,0.0,0.0,0.0,13.954067057633532,0.0,22.5,1.0
2014-08-19,9868.0,0.0,1.0,0.0,0.0,0.0,0.0,0.0,0.0,13.90053157664041,0.0,21.4,1.0
2014-08-20,8378.0,0.0,0.0,1.0,0.0,0.0,0.0,0.0,0.0,13.846641530327169,0.0,17.8,1.0
2014-08-21,8648.0,0.0,0.0,0.0,1.0,0.0,0.0,0.0,0.0,13.792412263582547,0.0,16.1,1.0
2014-08-22,7670.0,0.0,0.0,0.0,0.0,1.0,0.0,0.0,0.0,13.737858731748672,0.0,18.6,1.0
2014-08-23,4860.0,0.0,0.0,0.0,0.0,0.0,1.0,0.0,0.0,13.682995505892844,0.0,20.85,1.0
2014-08-24,4838.0,0.0,0.0,0.0,0.0,0.0,0.0,1.0,0.0,13.627836778915349,0.0,19.15,1.0
2014-08-25,9966.0,1.0,0.0,0.0,0.0,0.0,0.0,0.0,0.0,13.57239637243937,0.0,21.65,1.0
2014-08-26,11102.0,0.0,1.0,0.0,0.0,0.0,0.0,0.0,0.0,13.516687744428827,0.0,23.35,1.0
2014-08-27,10092.0,0.0,0.0,1.0,0.0,0.0,0.0,0.0,0.0,13.460723997484887,0.0,22.5,1.0
2014-08-28,8818.0,0.0,0.0,0.0,1.0,0.0,0.0,0.0,0.0,13.404517887771261,0.0,18.85,1.0
2014-08-29,6376.0,0.0,0.0,0.0,0.0,1.0,0.0,0.0,0.0,13.34808183452329,0.0,18.9,1.0
2014-08-30,1718.0,0.0,0.0,0.0,0.0,0.0,1.0,0.0,0.0,13.291427930096471,0.33070866141732286,16.4,0.0
2014-08-31,3640.0,0.0,0.0,0.0,0.0,0.0,0.0,1.0,0.0,13.234567950512284,0.051181102362204724,17.5,0.0
2014-09-01,4712.0,1.0,0.0,0.0,0.0,0.0,0.0,0.0,1.0,13.177513366463101,0.0,18.05,1.0
2014-09-02,6986.0,0.0,1.0,0.0,0.0,0.0,0.0,0.0,0.0,13.120275354737625,0.11811023622047244,16.95,0.0
2014-09-03,8242.0,0.0,0.0,1.0,0.0,0.0,0.0,0.0,0.0,13.062864810032979,0.0,16.700000000000003,1.0
2014-09-04,9880.0,0.0,0.0,0.0,1.0,0.0,0.0,0.0,0.0,13.005292357120084,0.0,17.5,1.0
2014-09-05,8374.0,0.0,0.0,0.0,0.0,1.0,0.0,0.0,0.0,12.947568363330983,0.0,20.85,1.0
2014-09-06,4800.0,0.0,0.0,0.0,0.0,0.0,1.0,0.0,0.0,12.889702951340402,0.0,23.6,1.0
2014-09-07,4428.0,0.0,0.0,0.0,0.0,0.0,0.0,1.0,0.0,12.83170601221311,0.0,20.8,1.0
2014-09-08,7618.0,1.0,0.0,0.0,0.0,0.0,0.0,0.0,0.0,12.773587218693041,0.0,17.200000000000003,1.0
2014-09-09,7976.0,0.0,1.0,0.0,0.0,0.0,0.0,0.0,0.0,12.715356038710286,0.0,17.5,1.0
2014-09-10,8030.0,0.0,0.0,1.0,0.0,0.0,0.0,0.0,0.0,12.6570217490835,0.0,17.2,1.0
2014-09-11,8084.0,0.0,0.0,0.0,1.0,0.0,0.0,0.0,0.0,12.598593449398638,0.0,18.6,1.0
2014-09-12,7806.0,0.0,0.0,0.0,0.0,1.0,0.0,0.0,0.0,12.540080076043674,0.0,18.6,1.0
2014-09-13,4734.0,0.0,0.0,0.0,0.0,0.0,1.0,0.0,0.0,12.481490416382808,0.0,19.15,1.0
2014-09-14,4362.0,0.0,0.0,0.0,0.0,0.0,0.0,1.0,0.0,12.422833123053374,0.0,20.85,1.0
2014-09-15,8900.0,1.0,0.0,0.0,0.0,0.0,0.0,0.0,0.0,12.364116728369643,0.0,21.4,1.0
2014-09-16,8676.0,0.0,1.0,0.0,0.0,0.0,0.0,0.0,0.0,12.30534965882043,0.0,18.05,1.0
2014-09-17,7450.0,0.0,0.0,1.0,0.0,0.0,0.0,0.0,0.0,12.246540249645655,0.01968503937007874,18.6,0.0
2014-09-18,6544.0,0.0,0.0,0.0,1.0,0.0,0.0,0.0,0.0,12.187696759480794,0.011811023622047244,17.2,0.0
2014-09-19,7468.0,0.0,0.0,0.0,0.0,1.0,0.0,0.0,0.0,12.128827385055766,0.0,20.0,1.0
2014-09-20,4450.0,0.0,0.0,0.0,0.0,0.0,1.0,0.0,0.0,12.069940275938153,0.0,19.4,1.0
2014-09-21,4434.0,0.0,0.0,0.0,0.0,0.0,0.0,1.0,0.0,12.011043549309349,0.0,19.450000000000003,1.0
2014-09-22,7572.0,1.0,0.0,0.0,0.0,0.0,0.0,0.0,0.0,11.952145304762603,0.011811023622047244,18.6,0.0
2014-09-23,6832.0,0.0,1.0,0.0,0.0,0.0,0.0,0.0,0.0,11.893253639113881,0.7204724409448819,16.65,0.0
2014-09-24,4332.0,0.0,0.0,1.0,0.0,0.0,0.0,0.0,0.0,11.834376661213891,0.7992125984251969,16.65,0.0
2014-09-25,5924.0,0.0,0.0,0.0,1.0,0.0,0.0,0.0,0.0,11.775522506752342,0.16929133858267717,18.05,0.0
2014-09-26,5022.0,0.0,0.0,0.0,0.0,1.0,0.0,0.0,0.0,11.716699353043724,0.35039370078740156,16.95,0.0
2014-09-27,4650.0,0.0,0.0,0.0,0.0,0.0,1.0,0.0,0.0,11.657915433783616,0.0,16.15,1.0
2014-09-28,3636.0,0.0,0.0,0.0,0.0,0.0,0.0,1.0,0.0,11.59917905376609,0.0,15.549999999999999,1.0
2014-09-29,6070.0,1.0,0.0,0.0,0.0,0.0,0.0,0.0,0.0,11.540498603549436,0.031496062992125984,13.899999999999999,0.0
2014-09-30,7124.0,0.0,1.0,0.0,0.0,0.0,0.0,0.0,0.0,11.481882574059892,0.0,15.799999999999999,1.0
2014-10-01,7674.0,0.0,0.0,1.0,0.0,0.0,0.0,0.0,0.0,11.423339571120437,0.0,14.7,1.0
2014-10-02,7792.0,0.0,0.0,0.0,1.0,0.0,0.0,0.0,0.0,11.364878329891095,0.0,14.7,1.0
2014-10-03,7418.0,0.0,0.0,0.0,0.0,1.0,0.0,0.0,0.0,11.306507729208066,0.0,15.55,1.0
2014-10-04,3880.0,0.0,0.0,0.0,0.0,0.0,1.0,0.0,0.0,11.248236805805545,0.0,16.95,1.0
2014-10-05,4324.0,0.0,0.0,0.0,0.0,0.0,0.0,1.0,0.0,11.190074768404573,0.0,17.799999999999997,1.0
2014-10-06,8148.0,1.0,0.0,0.0,0.0,0.0,0.0,0.0,0.0,11.13203101165292,0.0,19.450000000000003,1.0
2014-10-07,7728.0,0.0,1.0,0.0,0.0,0.0,0.0,0.0,0.0,11.07411512989541,0.0,16.4,1.0
2014-10-08,7560.0,0.0,0.0,1.0,0.0,0.0,0.0,0.0,0.0,11.016336930757097,0.0,16.700000000000003,1.0
2014-10-09,7326.0,0.0,0.0,0.0,1.0,0.0,0.0,0.0,0.0,10.958706448516459,0.0,14.149999999999999,1.0
2014-10-10,5914.0,0.0,0.0,0.0,0.0,1.0,0.0,0.0,0.0,10.90123395724634,0.011811023622047244,14.15,0.0
2014-10-11,2262.0,0.0,0.0,0.0,0.0,0.0,1.0,0.0,0.0,10.84392998369829,0.29133858267716534,15.0,0.0
2014-10-12,3118.0,0.0,0.0,0.0,0.0,0.0,0.0,1.0,0.0,10.786805319903467,0.0,14.75,1.0
2014-10-13,6710.0,1.0,0.0,0.0,0.0,0.0,0.0,0.0,1.0,10.72987103546244,0.2992125984251969,15.55,0.0
2014-10-14,6394.0,0.0,1.0,0.0,0.0,0.0,0.0,0.0,0.0,10.673138489493267,0.2795275590551181,14.2,0.0
2014-10-15,5110.0,0.0,0.0,1.0,0.0,0.0,0.0,0.0,0.0,10.616619342205988,0.33858267716535434,13.9,0.0
2014-10-16,7258.0,0.0,0.0,0.0,1.0,0.0,0.0,0.0,0.0,10.560325566069434,0.0,15.850000000000001,1.0
2014-10-17,4418.0,0.0,0.0,0.0,0.0,1.0,0.0,0.0,0.0,10.504269456533933,0.12992125984251968,14.2,0.0
2014-10-18,2756.0,0.0,0.0,0.0,0.0,0.0,1.0,0.0,0.0,10.448463642270768,0.5905511811023622,16.65,0.0
2014-10-19,4496.0,0.0,0.0,0.0,0.0,0.0,0.0,1.0,0.0,10.392921094888827,0.0,17.5,1.0
2014-10-20,5716.0,1.0,0.0,0.0,0.0,0.0,0.0,0.0,0.0,10.337655138083875,0.46062992125984253,14.15,0.0
2014-10-21,5928.0,0.0,1.0,0.0,0.0,0.0,0.0,0.0,0.0,10.282679456176698,0.03937007874015748,13.9,0.0
2014-10-22,4174.0,0.0,0.0,1.0,0.0,0.0,0.0,0.0,0.0,10.228008101990996,1.2598425196850394,13.649999999999999,0.0
2014-10-23,4762.0,0.0,0.0,0.0,1.0,0.0,0.0,0.0,0.0,10.173655504022435,0.3700787401574803,11.350000000000001,0.0
2014-10-24,5556.0,0.0,0.0,0.0,0.0,1.0,0.0,0.0,0.0,10.119636472846244,0.16141732283464566,11.65,0.0
2014-10-25,1480.0,0.0,0.0,0.0,0.0,0.0,1.0,0.0,0.0,10.065966206708806,0.24015748031496062,12.5,0.0
2014-10-26,1832.0,0.0,0.0,0.0,0.0,0.0,0.0,1.0,0.0,10.01266029624808,0.05905511811023622,10.3,0.0
2014-10-27,6660.0,1.0,0.0,0.0,0.0,0.0,0.0,0.0,0.0,9.959734728283301,0.031496062992125984,11.15,0.0
2014-10-28,4522.0,0.0,1.0,0.0,0.0,0.0,0.0,0.0,0.0,9.90720588861514,0.5,12.2,0.0
2014-10-29,6792.0,0.0,0.0,1.0,0.0,0.0,0.0,0.0,0.0,9.855090563774208,0.01968503937007874,14.2,0.0
2014-10-30,4784.0,0.0,0.0,0.0,1.0,0.0,0.0,0.0,0.0,9.803405941654503,1.0,13.35,0.0
2014-10-31,3876.0,0.0,0.0,0.0,0.0,1.0,0.0,0.0,0.0,9.75216961096864,0.6692913385826772,10.55,0.0
2014-11-01,2588.0,0.0,0.0,0.0,0.0,0.0,1.0,0.0,0.0,9.701399559458494,0.0,9.15,1.0
2014-11-02,2144.0,0.0,0.0,0.0,0.0,0.0,0.0,1.0,0.0,9.651114170796713,0.07086614173228346,10.25,0.0
2014-11-03,5006.0,1.0,0.0,0.0,0.0,0.0,0.0,0.0,0.0,9.601332220112754,0.42913385826771655,12.5,0.0
2014-11-04,5580.0,0.0,1.0,0.0,0.0,0.0,0.0,0.0,0.0,9.552072868077458,0.16141732283464566,12.5,0.0
2014-11-05,5544.0,0.0,0.0,1.0,0.0,0.0,0.0,0.0,0.0,9.503355653482219,0.1889763779527559,12.8,0.0
2014-11-06,4496.0,0.0,0.0,0.0,1.0,0.0,0.0,0.0,0.0,9.455200484247657,0.16141732283464566,13.649999999999999,0.0
2014-11-07,6156.0,0.0,0.0,0.0,0.0,1.0,0.0,0.0,0.0,9.407627626800851,0.0,10.8,1.0
2014-11-08,3708.0,0.0,0.0,0.0,0.0,0.0,1.0,0.0,0.0,9.360657693760913,0.0,8.35,1.0
2014-11-09,1504.0,0.0,0.0,0.0,0.0,0.0,0.0,1.0,0.0,9.31431162987576,0.20078740157480315,10.55,0.0
2014-11-10,6508.0,1.0,0.0,0.0,0.0,0.0,0.0,0.0,0.0,9.268610696158003,0.0,8.35,1.0
2014-11-11,5582.0,0.0,1.0,0.0,0.0,0.0,0.0,0.0,1.0,9.223576452170025,0.0,4.45,1.0
2014-11-12,5484.0,0.0,0.0,1.0,0.0,0.0,0.0,0.0,0.0,9.179230736416022,0.0,3.35,1.0
2014-11-13,5232.0,0.0,0.0,0.0,1.0,0.0,0.0,0.0,0.0,9.135595644802319,0.0,3.9,1.0
2014-11-14,4354.0,0.0,0.0,0.0,0.0,1.0,0.0,0.0,0.0,9.092693507136305,0.0,2.55,1.0
2014-11-15,2166.0,0.0,0.0,0.0,0.0,0.0,1.0,0.0,0.0,9.05054686164068,0.0,3.3500000000000005,1.0
2014-11-16,2008.0,0.0,0.0,0.0,0.0,0.0,0.0,1.0,0.0,9.009178427468454,0.0,3.6500000000000004,1.0
2014-11-17,5396.0,1.0,0.0,0.0,0.0,0.0,0.0,0.0,0.0,8.968611075214802,0.0,4.25,1.0
2014-11-18,5666.0,0.0,1.0,0.0,0.0,0.0,0.0,0.0,0.0,8.928867795430463,0.0,3.35,1.0
2014-11-19,5670.0,0.0,0.0,1.0,0.0,0.0,0.0,0.0,0.0,8.889971665154563,0.0,6.65,1.0
2014-11-20,5450.0,0.0,0.0,0.0,1.0,0.0,0.0,0.0,0.0,8.851945812495764,0.14173228346456693,8.35,0.0
2014-11-21,3516.0,0.0,0.0,0.0,0.0,1.0,0.0,0.0,0.0,8.814813379303555,0.5984251968503937,9.7,0.0
2014-11-22,2108.0,0.0,0.0,0.0,0.0,0.0,1.0,0.0,0.0,8.778597481986607,0.01968503937007874,8.05,0.0
2014-11-23,1574.0,0.0,0.0,0.0,0.0,0.0,0.0,1.0,0.0,8.743321170547635,0.468503937007874,9.2,0.0
2014-11-24,4836.0,1.0,0.0,0.0,0.0,0.0,0.0,0.0,0.0,8.709007385921105,0.051181102362204724,8.05,0.0
2014-11-25,3902.0,0.0,1.0,0.0,0.0,0.0,0.0,0.0,0.0,8.675678915714649,0.7204724409448819,11.65,0.0
2014-11-26,4478.0,0.0,0.0,1.0,0.0,0.0,0.0,0.0,0.0,8.643358348470901,0.011811023622047244,13.6,0.0
2014-11-27,1000.0,0.0,0.0,0.0,1.0,0.0,0.0,0.0,1.0,8.612068026583769,0.12992125984251968,13.05,0.0
2014-11-28,648.0,0.0,0.0,0.0,0.0,1.0,0.0,0.0,0.0,8.581829998017918,1.3503937007874016,8.05,0.0
2014-11-29,690.0,0.0,0.0,0.0,0.0,0.0,1.0,0.0,0.0,8.552665966997283,0.14173228346456693,0.050000000000000266,0.0
2014-11-30,986.0,0.0,0.0,0.0,0.0,0.0,0.0,1.0,0.0,8.524597243844703,0.0,-1.0500000000000003,1.0
2014-12-01,3618.0,1.0,0.0,0.0,0.0,0.0,0.0,0.0,0.0,8.497644694168288,0.0,0.6000000000000001,1.0
2014-12-02,4278.0,0.0,1.0,0.0,0.0,0.0,0.0,0.0,0.0,8.471828687607125,0.0,1.1999999999999997,1.0
2014-12-03,4588.0,0.0,0.0,1.0,0.0,0.0,0.0,0.0,0.0,8.44716904636054,0.0,5.0,1.0
2014-12-04,4192.0,0.0,0.0,0.0,1.0,0.0,0.0,0.0,0.0,8.42368499373883,0.031496062992125984,6.1000000000000005,0.0
2014-12-05,3856.0,0.0,0.0,0.0,0.0,1.0,0.0,0.0,0.0,8.40139510298408,0.11811023622047244,9.75,0.0
2014-12-06,1804.0,0.0,0.0,0.0,0.0,0.0,1.0,0.0,0.0,8.380317246618976,0.29133858267716534,9.75,0.0
2014-12-07,2388.0,0.0,0.0,0.0,0.0,0.0,0.0,1.0,0.0,8.360468546589395,0.0,10.25,1.0
2014-12-08,4778.0,1.0,0.0,0.0,0.0,0.0,0.0,0.0,0.0,8.341865325471826,0.35826771653543305,11.65,0.0
2014-12-09,4238.0,0.0,1.0,0.0,0.0,0.0,0.0,0.0,0.0,8.324523059020192,0.38976377952755903,13.350000000000001,0.0
2014-12-10,3914.0,0.0,0.0,1.0,0.0,0.0,0.0,0.0,0.0,8.308456330327505,0.5118110236220472,14.45,0.0
2014-12-11,3242.0,0.0,0.0,0.0,1.0,0.0,0.0,0.0,0.0,8.293678785876049,0.27165354330708663,11.350000000000001,0.0
2014-12-12,4602.0,0.0,0.0,0.0,0.0,1.0,0.0,0.0,0.0,8.280203093745412,0.0,9.15,1.0
2014-12-13,2406.0,0.0,0.0,0.0,0.0,0.0,1.0,0.0,0.0,8.268040904241197,0.0,6.95,1.0
2014-12-14,2464.0,0.0,0.0,0.0,0.0,0.0,0.0,1.0,0.0,8.25720281319672,0.0,7.25,1.0
2014-12-15,4566.0,1.0,0.0,0.0,0.0,0.0,0.0,0.0,0.0,8.24769832818842,0.0,9.45,1.0
2014-12-16,4848.0,0.0,1.0,0.0,0.0,0.0,0.0,0.0,0.0,8.239535837889829,0.0,9.15,1.0
2014-12-17,3958.0,0.0,0.0,1.0,0.0,0.0,0.0,0.0,0.0,8.232722584771851,0.11023622047244094,7.5,0.0
2014-12-18,3882.0,0.0,0.0,0.0,1.0,0.0,0.0,0.0,0.0,8.227264641336719,0.5118110236220472,8.05,0.0
2014-12-19,3740.0,0.0,0.0,0.0,0.0,1.0,0.0,0.0,0.0,8.223166890050702,0.11811023622047244,9.15,0.0
2014-12-20,808.0,0.0,0.0,0.0,0.0,0.0,1.0,0.0,0.0,8.220433007116545,0.7716535433070866,9.75,0.0
2014-12-21,1688.0,0.0,0.0,0.0,0.0,0.0,0.0,1.0,0.0,8.219065450200338,0.0,11.4,1.0
2014-12-22,4512.0,1.0,0.0,0.0,0.0,0.0,0.0,0.0,0.0,8.219065450200338,0.0,8.35,1.0
2014-12-23,2800.0,0.0,1.0,0.0,0.0,0.0,0.0,0.0,0.0,8.220433007116545,0.8110236220472441,8.6,0.0
2014-12-24,1626.0,0.0,0.0,1.0,0.0,0.0,0.0,0.0,0.0,8.223166890050706,0.20866141732283464,5.55,0.0
2014-12-25,902.0,0.0,0.0,0.0,1.0,0.0,0.0,0.0,1.0,8.227264641336719,0.0,5.3,1.0
2014-12-26,1998.0,0.0,0.0,0.0,0.0,1.0,0.0,0.0,0.0,8.232722584771848,0.0,3.65,1.0
2014-12-27,1086.0,0.0,0.0,0.0,0.0,0.0,1.0,0.0,0.0,8.239535837889825,0.12992125984251968,6.9,0.0
2014-12-28,1288.0,0.0,0.0,0.0,0.0,0.0,0.0,1.0,0.0,8.247698328188417,0.16141732283464566,4.75,0.0
2014-12-29,3282.0,1.0,0.0,0.0,0.0,0.0,0.0,0.0,0.0,8.257202813196724,0.0,3.3499999999999996,1.0
2014-12-30,3000.0,0.0,1.0,0.0,0.0,0.0,0.0,0.0,0.0,8.268040904241193,0.0,0.5999999999999999,1.0
2014-12-31,2662.0,0.0,0.0,1.0,0.0,0.0,0.0,0.0,0.0,8.280203093745406,0.0,0.2999999999999998,1.0
2015-01-01,1422.0,0.0,0.0,0.0,1.0,0.0,0.0,0.0,1.0,8.293678785876043,0.0,1.1999999999999997,1.0
2015-01-02,2428.0,0.0,0.0,0.0,0.0,1.0,0.0,0.0,0.0,8.308456330327498,0.05905511811023622,2.8,0.0
2015-01-03,1634.0,0.0,0.0,0.0,0.0,0.0,1.0,0.0,0.0,8.324523059020185,0.0,3.35,1.0
2015-01-04,678.0,0.0,0.0,0.0,0.0,0.0,0.0,1.0,0.0,8.341865325471817,0.4015748031496063,6.949999999999999,0.0
2015-01-05,3646.0,1.0,0.0,0.0,0.0,0.0,0.0,0.0,0.0,8.360468546589404,0.3188976377952756,10.8,0.0
2015-01-06,5450.0,0.0,1.0,0.0,0.0,0.0,0.0,0.0,0.0,8.38031724661897,0.0,9.149999999999999,1.0
2015-01-07,5650.0,0.0,0.0,1.0,0.0,0.0,0.0,0.0,0.0,8.401395102984056,0.0,6.699999999999999,1.0
2015-01-08,5220.0,0.0,0.0,0.0,1.0,0.0,0.0,0.0,0.0,8.423684993738819,0.0,4.75,1.0
2015-01-09,4980.0,0.0,0.0,0.0,0.0,1.0,0.0,0.0,0.0,8.44716904636053,0.011811023622047244,6.65,0.0
2015-01-10,1542.0,0.0,0.0,0.0,0.0,0.0,1.0,0.0,0.0,8.471828687607134,0.2283464566929134,6.949999999999999,0.0
2015-01-11,1620.0,0.0,0.0,0.0,0.0,0.0,0.0,1.0,0.0,8.497644694168278,0.05905511811023622,8.3,0.0
2015-01-12,5340.0,1.0,0.0,0.0,0.0,0.0,0.0,0.0,0.0,8.524597243844669,0.0,7.75,1.0
2015-01-13,5532.0,0.0,1.0,0.0,0.0,0.0,0.0,0.0,0.0,8.55266596699727,0.0,6.1,1.0
2015-01-14,5246.0,0.0,0.0,1.0,0.0,0.0,0.0,0.0,0.0,8.581829998017879,0.0,3.3499999999999996,1.0
2015-01-15,3796.0,0.0,0.0,0.0,1.0,0.0,0.0,0.0,0.0,8.612068026583781,0.38188976377952755,4.45,0.0
2015-01-16,4284.0,0.0,0.0,0.0,0.0,1.0,0.0,0.0,0.0,8.643358348470889,0.0,8.649999999999999,1.0
2015-01-17,1184.0,0.0,0.0,0.0,0.0,0.0,1.0,0.0,0.0,8.675678915714608,1.031496062992126,8.3,0.0
2015-01-18,942.0,0.0,0.0,0.0,0.0,0.0,0.0,1.0,0.0,8.70900738592109,0.8385826771653543,10.55,0.0
2015-01-19,3964.0,1.0,0.0,0.0,0.0,0.0,0.0,0.0,1.0,8.743321170547592,0.01968503937007874,8.05,0.0
2015-01-20,5854.0,0.0,1.0,0.0,0.0,0.0,0.0,0.0,0.0,8.778597481986594,0.0,6.65,1.0
2015-01-21,5104.0,0.0,0.0,1.0,0.0,0.0,0.0,0.0,0.0,8.814813379303569,0.0,3.35,1.0
2015-01-22,4366.0,0.0,0.0,0.0,1.0,0.0,0.0,0.0,0.0,8.851945812495718,0.031496062992125984,7.75,0.0
2015-01-23,3554.0,0.0,0.0,0.0,0.0,1.0,0.0,0.0,0.0,8.889971665154548,0.2283464566929134,10.25,0.0
2015-01-24,2326.0,0.0,0.0,0.0,0.0,0.0,1.0,0.0,0.0,8.928867795430412,0.01968503937007874,12.75,0.0
2015-01-25,4310.0,0.0,0.0,0.0,0.0,0.0,0.0,1.0,0.0,8.968611075214787,0.0,12.2,1.0
2015-01-26,6318.0,1.0,0.0,0.0,0.0,0.0,0.0,0.0,0.0,9.009178427468472,0.0,11.100000000000001,1.0
2015-01-27,5126.0,0.0,1.0,0.0,0.0,0.0,0.0,0.0,0.0,9.050546861640663,0.031496062992125984,9.7,0.0
2015-01-28,5926.0,0.0,0.0,1.0,0.0,0.0,0.0,0.0,0.0,9.092693507136286,0.0,8.6,1.0
2015-01-29,6122.0,0.0,0.0,0.0,1.0,0.0,0.0,0.0,0.0,9.135595644802265,0.0,7.75,1.0
2015-01-30,5224.0,0.0,0.0,0.0,0.0,1.0,0.0,0.0,0.0,9.179230736416004,0.0,4.7,1.0
2015-01-31,2472.0,0.0,0.0,0.0,0.0,0.0,1.0,0.0,0.0,9.223576452170045,0.0,5.25,1.0
2015-02-01,1416.0,0.0,0.0,0.0,0.0,0.0,0.0,1.0,0.0,9.268610696157985,0.05905511811023622,6.9,0.0
2015-02-02,3808.0,1.0,0.0,0.0,0.0,0.0,0.0,0.0,0.0,9.314311629875741,0.29133858267716534,8.05,0.0
2015-02-03,4668.0,0.0,1.0,0.0,0.0,0.0,0.0,0.0,0.0,9.360657693760857,0.051181102362204724,7.8,0.0
2015-02-04,4502.0,0.0,0.0,1.0,0.0,0.0,0.0,0.0,0.0,9.407627626800831,0.33070866141732286,7.5,0.0
2015-02-05,3388.0,0.0,0.0,0.0,1.0,0.0,0.0,0.0,0.0,9.455200484247635,1.031496062992126,10.8,0.0
2015-02-06,3222.0,0.0,0.0,0.0,0.0,1.0,0.0,0.0,0.0,9.5033556534822,0.6811023622047244,12.2,0.0
2015-02-07,1258.0,0.0,0.0,0.0,0.0,0.0,1.0,0.0,0.0,9.552072868077481,0.9291338582677166,10.8,0.0
2015-02-08,3044.0,0.0,0.0,0.0,0.0,0.0,0.0,1.0,0.0,9.601332220112731,0.14173228346456693,11.65,0.0
2015-02-09,4208.0,1.0,0.0,0.0,0.0,0.0,0.0,0.0,0.0,9.651114170796696,0.24015748031496062,10.8,0.0
2015-02-10,5032.0,0.0,1.0,0.0,0.0,0.0,0.0,0.0,0.0,9.701399559458473,0.011811023622047244,10.55,0.0
2015-02-11,5616.0,0.0,0.0,1.0,0.0,0.0,0.0,0.0,0.0,9.752169610968618,0.0,9.2,1.0
2015-02-12,5394.0,0.0,0.0,0.0,1.0,0.0,0.0,0.0,0.0,9.803405941654523,0.03937007874015748,13.05,0.0
2015-02-13,4918.0,0.0,0.0,0.0,0.0,1.0,0.0,0.0,0.0,9.855090563774185,0.0,11.15,1.0
2015-02-14,2930.0,0.0,0.0,0.0,0.0,0.0,1.0,0.0,0.0,9.907205888615117,0.011811023622047244,10.55,0.0
2015-02-15,3672.0,0.0,0.0,0.0,0.0,0.0,0.0,1.0,0.0,9.959734728283282,0.0,8.049999999999999,1.0
2015-02-16,4422.0,1.0,0.0,0.0,0.0,0.0,0.0,0.0,1.0,10.01266029624806,0.0,10.3,1.0
2015-02-17,5838.0,0.0,1.0,0.0,0.0,0.0,0.0,0.0,0.0,10.065966206708827,0.0,10.25,1.0
2015-02-18,5854.0,0.0,0.0,1.0,0.0,0.0,0.0,0.0,0.0,10.11963647284622,0.0,8.3,1.0
2015-02-19,4442.0,0.0,0.0,0.0,1.0,0.0,0.0,0.0,0.0,10.173655504022413,0.18110236220472442,9.45,0.0
2015-02-20,4034.0,0.0,0.0,0.0,0.0,1.0,0.0,0.0,0.0,10.228008101990975,0.031496062992125984,9.15,0.0
2015-02-21,3302.0,0.0,0.0,0.0,0.0,0.0,1.0,0.0,0.0,10.282679456176675,0.0,8.899999999999999,1.0
2015-02-22,3640.0,0.0,0.0,0.0,0.0,0.0,0.0,1.0,0.0,10.337655138083896,0.0,7.5,1.0
2015-02-23,5762.0,1.0,0.0,0.0,0.0,0.0,0.0,0.0,0.0,10.392921094888804,0.0,6.7,1.0
2015-02-24,6132.0,0.0,1.0,0.0,0.0,0.0,0.0,0.0,0.0,10.448463642270747,0.0,6.65,1.0
2015-02-25,4792.0,0.0,0.0,1.0,0.0,0.0,0.0,0.0,0.0,10.504269456533912,0.16141732283464566,8.35,0.0
2015-02-26,4512.0,0.0,0.0,0.0,1.0,0.0,0.0,0.0,0.0,10.560325566069412,0.3700787401574803,9.75,0.0
2015-02-27,3476.0,0.0,0.0,0.0,0.0,1.0,0.0,0.0,0.0,10.616619342205968,0.7204724409448819,8.35,0.0
2015-02-28,4036.0,0.0,0.0,0.0,0.0,0.0,1.0,0.0,0.0,10.673138489493246,0.0,7.75,1.0
2015-03-01,3544.0,0.0,0.0,0.0,0.0,0.0,0.0,1.0,0.0,10.729871035462462,0.0,6.1,1.0
2015-03-02,5148.0,1.0,0.0,0.0,0.0,0.0,0.0,0.0,0.0,10.786805319903445,0.0,7.75,1.0
2015-03-03,5890.0,0.0,1.0,0.0,0.0,0.0,0.0,0.0,0.0,10.84392998369822,0.0,5.3,1.0
2015-03-04,5658.0,0.0,0.0,1.0,0.0,0.0,0.0,0.0,0.0,10.901233957246319,0.0,6.15,1.0
2015-03-05,5498.0,0.0,0.0,0.0,1.0,0.0,0.0,0.0,0.0,10.958706448516438,0.0,8.05,1.0
2015-03-06,5604.0,0.0,0.0,0.0,0.0,1.0,0.0,0.0,0.0,11.016336930757122,0.0,9.15,1.0
2015-03-07,4562.0,0.0,0.0,0.0,0.0,0.0,1.0,0.0,0.0,11.074115129895386,0.0,10.299999999999999,1.0
2015-03-08,4212.0,0.0,0.0,0.0,0.0,0.0,0.0,1.0,0.0,11.132031011652849,0.0,10.549999999999999,1.0
2015-03-09,5666.0,1.0,0.0,0.0,0.0,0.0,0.0,0.0,0.0,11.19007476840455,0.0,9.4,1.0
2015-03-10,5710.0,0.0,1.0,0.0,0.0,0.0,0.0,0.0,0.0,11.248236805805474,0.031496062992125984,9.15,0.0
2015-03-11,4100.0,0.0,0.0,1.0,0.0,0.0,0.0,0.0,0.0,11.306507729208091,0.0984251968503937,11.65,0.0
2015-03-12,5828.0,0.0,0.0,0.0,1.0,0.0,0.0,0.0,0.0,11.364878329891072,0.0,13.600000000000001,1.0
2015-03-13,5938.0,0.0,0.0,0.0,0.0,1.0,0.0,0.0,0.0,11.423339571120364,0.07874015748031496,12.5,0.0
2015-03-14,1750.0,0.0,0.0,0.0,0.0,0.0,1.0,0.0,0.0,11.481882574059869,0.6692913385826772,11.65,0.0
2015-03-15,478.0,0.0,0.0,0.0,0.0,0.0,0.0,1.0,0.0,11.540498603549363,2.2007874015748032,8.35,0.0
2015-03-16,5248.0,1.0,0.0,0.0,0.0,0.0,0.0,0.0,0.0,11.599179053766067,0.03937007874015748,10.0,0.0
2015-03-17,4598.0,0.0,1.0,0.0,0.0,0.0,0.0,0.0,0.0,11.657915433783645,0.031496062992125984,8.850000000000001,0.0
2015-03-18,5746.0,0.0,0.0,1.0,0.0,0.0,0.0,0.0,0.0,11.716699353043651,0.0,11.4,1.0
2015-03-19,5420.0,0.0,0.0,0.0,1.0,0.0,0.0,0.0,0.0,11.775522506752319,0.0,11.95,1.0
2015-03-20,4028.0,0.0,0.0,0.0,0.0,1.0,0.0,0.0,0.0,11.834376661213817,0.16141732283464566,11.4,0.0
2015-03-21,2758.0,0.0,0.0,0.0,0.0,0.0,1.0,0.0,0.0,11.893253639113855,0.14960629921259844,10.8,0.0
2015-03-22,2114.0,0.0,0.0,0.0,0.0,0.0,0.0,1.0,0.0,11.952145304762631,0.03937007874015748,8.899999999999999,0.0
2015-03-23,4058.0,1.0,0.0,0.0,0.0,0.0,0.0,0.0,0.0,12.011043549309326,0.3188976377952756,8.35,0.0
2015-03-24,4500.0,0.0,1.0,0.0,0.0,0.0,0.0,0.0,0.0,12.06994027593813,0.2992125984251969,9.45,0.0
2015-03-25,4080.0,0.0,0.0,1.0,0.0,0.0,0.0,0.0,0.0,12.128827385055693,0.20078740157480315,10.8,0.0
2015-03-26,6992.0,0.0,0.0,0.0,1.0,0.0,0.0,0.0,0.0,12.187696759480769,0.0,15.3,1.0
2015-03-27,6030.0,0.0,0.0,0.0,0.0,1.0,0.0,0.0,0.0,12.24654024964568,0.03937007874015748,13.600000000000001,0.0
2015-03-28,3592.0,0.0,0.0,0.0,0.0,0.0,1.0,0.0,0.0,12.305349658820408,0.0,12.5,1.0
2015-03-29,2816.0,0.0,0.0,0.0,0.0,0.0,0.0,1.0,0.0,12.364116728369623,0.0,12.25,1.0
2015-03-30,6678.0,1.0,0.0,0.0,0.0,0.0,0.0,0.0,0.0,12.422833123053303,0.07086614173228346,14.2,0.0
2015-03-31,4044.0,0.0,1.0,0.0,0.0,0.0,0.0,0.0,0.0,12.481490416382783,0.03937007874015748,9.45,0.0
2015-04-01,4854.0,0.0,0.0,1.0,0.0,0.0,0.0,0.0,0.0,12.54008007604365,0.20078740157480315,9.2,0.0
2015-04-02,5656.0,0.0,0.0,0.0,1.0,0.0,0.0,0.0,0.0,12.598593449398615,0.0,9.45,1.0
2015-04-03,5222.0,0.0,0.0,0.0,0.0,1.0,0.0,0.0,0.0,12.657021749083475,0.05905511811023622,8.05,0.0
2015-04-04,3974.0,0.0,0.0,0.0,0.0,0.0,1.0,0.0,0.0,12.715356038710265,0.0,8.35,1.0
2015-04-05,3458.0,0.0,0.0,0.0,0.0,0.0,0.0,1.0,0.0,12.773587218693022,0.0,9.75,1.0
2015-04-06,5910.0,1.0,0.0,0.0,0.0,0.0,0.0,0.0,0.0,12.831706012213088,0.03937007874015748,10.3,0.0
2015-04-07,6096.0,0.0,1.0,0.0,0.0,0.0,0.0,0.0,0.0,12.889702951340382,0.01968503937007874,10.55,0.0
2015-04-08,6702.0,0.0,0.0,1.0,0.0,0.0,0.0,0.0,0.0,12.94756836333096,0.0,11.649999999999999,1.0
2015-04-09,7340.0,0.0,0.0,0.0,1.0,0.0,0.0,0.0,0.0,13.005292357120059,0.0,11.649999999999999,1.0
2015-04-10,4438.0,0.0,0.0,0.0,0.0,1.0,0.0,0.0,0.0,13.062864810032952,0.42913385826771655,10.85,0.0
2015-04-11,2528.0,0.0,0.0,0.0,0.0,0.0,1.0,0.0,0.0,13.1202753547376,0.0,8.649999999999999,1.0
2015-04-12,3402.0,0.0,0.0,0.0,0.0,0.0,0.0,1.0,0.0,13.177513366463076,0.0,9.45,1.0
2015-04-13,4316.0,1.0,0.0,0.0,0.0,0.0,0.0,0.0,0.0,13.234567950512261,0.5511811023622047,7.8,0.0
2015-04-14,4848.0,0.0,1.0,0.0,0.0,0.0,0.0,0.0,0.0,13.291427930096448,0.12992125984251968,7.25,0.0
2015-04-15,7394.0,0.0,0.0,1.0,0.0,0.0,0.0,0.0,0.0,13.348081834523267,0.0,8.6,1.0
2015-04-16,8004.0,0.0,0.0,0.0,1.0,0.0,0.0,0.0,0.0,13.404517887771238,0.0,10.85,1.0
2015-04-17,6908.0,0.0,0.0,0.0,0.0,1.0,0.0,0.0,0.0,13.460723997484868,0.0,12.5,1.0
2015-04-18,4802.0,0.0,0.0,0.0,0.0,0.0,1.0,0.0,0.0,13.516687744428804,0.0,13.6,1.0
2015-04-19,5550.0,0.0,0.0,0.0,0.0,0.0,0.0,1.0,0.0,13.572396372439345,0.0,14.700000000000001,1.0
2015-04-20,9112.0,1.0,0.0,0.0,0.0,0.0,0.0,0.0,0.0,13.627836778915325,0.0,15.3,1.0
2015-04-21,6486.0,0.0,1.0,0.0,0.0,0.0,0.0,0.0,0.0,13.682995505892821,0.2204724409448819,11.95,0.0
2015-04-22,6702.0,0.0,0.0,1.0,0.0,0.0,0.0,0.0,0.0,13.737858731748648,0.0,10.3,1.0
2015-04-23,4916.0,0.0,0.0,0.0,1.0,0.0,0.0,0.0,0.0,13.79241226358248,0.11811023622047244,9.45,0.0
2015-04-24,4552.0,0.0,0.0,0.0,0.0,1.0,0.0,0.0,0.0,13.84664153032715,0.12992125984251968,9.149999999999999,0.0
2015-04-25,3232.0,0.0,0.0,0.0,0.0,0.0,1.0,0.0,0.0,13.900531576640388,0.051181102362204724,9.45,0.0
2015-04-26,3132.0,0.0,0.0,0.0,0.0,0.0,0.0,1.0,0.0,13.954067057633509,0.0,10.0,1.0
2015-04-27,8280.0,1.0,0.0,0.0,0.0,0.0,0.0,0.0,0.0,14.007232234492825,0.011811023622047244,17.8,0.0
2015-04-28,5490.0,0.0,1.0,0.0,0.0,0.0,0.0,0.0,0.0,14.060010971054155,0.07086614173228346,12.25,0.0
2015-04-29,6874.0,0.0,0.0,1.0,0.0,0.0,0.0,0.0,0.0,14.112386731389295,0.0,11.65,1.0
2015-04-30,7216.0,0.0,0.0,0.0,1.0,0.0,0.0,0.0,0.0,14.164342578468911,0.0,12.5,1.0
2015-05-01,8448.0,0.0,0.0,0.0,0.0,1.0,0.0,0.0,0.0,14.215861173962745,0.0,13.600000000000001,1.0
2015-05-02,4430.0,0.0,0.0,0.0,0.0,0.0,1.0,0.0,0.0,14.266924779243602,0.0,13.05,1.0
2015-05-03,4470.0,0.0,0.0,0.0,0.0,0.0,0.0,1.0,0.0,14.317515257660093,0.0,14.200000000000001,1.0
2015-05-04,9040.0,1.0,0.0,0.0,0.0,0.0,0.0,0.0,0.0,14.367614078142783,0.0,12.2,1.0
2015-05-05,5210.0,0.0,1.0,0.0,0.0,0.0,0.0,0.0,0.0,14.417202320211716,0.24015748031496062,10.8,0.0
2015-05-06,8462.0,0.0,0.0,1.0,0.0,0.0,0.0,0.0,0.0,14.466260680448213,0.0,11.95,1.0
2015-05-07,9832.0,0.0,0.0,0.0,1.0,0.0,0.0,0.0,0.0,14.514769480497433,0.0,13.350000000000001,1.0
2015-05-08,8904.0,0.0,0.0,0.0,0.0,1.0,0.0,0.0,0.0,14.562708676664448,0.0,16.1,1.0
2015-05-09,5506.0,0.0,0.0,0.0,0.0,0.0,1.0,0.0,0.0,14.610057871164157,0.0,18.05,1.0
2015-05-10,3916.0,0.0,0.0,0.0,0.0,0.0,0.0,1.0,0.0,14.656796325085686,0.0,15.25,1.0
2015-05-11,7352.0,1.0,0.0,0.0,0.0,0.0,0.0,0.0,0.0,14.70290297312436,0.0,11.95,1.0
2015-05-12,7306.0,0.0,1.0,0.0,0.0,0.0,0.0,0.0,0.0,14.748356440134593,0.16929133858267717,13.1,0.0
2015-05-13,5414.0,0.0,0.0,1.0,0.0,0.0,0.0,0.0,0.0,14.7931350595501,0.16141732283464566,11.1,0.0
2015-05-14,7622.0,0.0,0.0,0.0,1.0,0.0,0.0,0.0,0.0,14.837216893711808,0.011811023622047244,13.600000000000001,0.0
2015-05-15,10106.0,0.0,0.0,0.0,0.0,1.0,0.0,0.0,0.0,14.880579756140373,0.0,14.7,1.0
2015-05-16,3310.0,0.0,0.0,0.0,0.0,0.0,1.0,0.0,0.0,14.923201235778935,0.0,13.35,1.0
2015-05-17,4022.0,0.0,0.0,0.0,0.0,0.0,0.0,1.0,0.0,14.965058723227278,0.0,15.0,1.0
2015-05-18,9690.0,1.0,0.0,0.0,0.0,0.0,0.0,0.0,0.0,15.006129438978551,0.0,18.9,1.0
2015-05-19,9744.0,0.0,1.0,0.0,0.0,0.0,0.0,0.0,0.0,15.046390463657367,0.0,16.7,1.0
2015-05-20,9160.0,0.0,0.0,1.0,0.0,0.0,0.0,0.0,0.0,15.085818770252464,0.0,16.95,1.0
2015-05-21,9536.0,0.0,0.0,0.0,1.0,0.0,0.0,0.0,0.0,15.124391258319198,0.0,18.65,1.0
2015-05-22,7336.0,0.0,0.0,0.0,0.0,1.0,0.0,0.0,0.0,15.162084790120808,0.0,14.2,1.0
2015-05-23,3160.0,0.0,0.0,0.0,0.0,0.0,1.0,0.0,0.0,15.198876228659119,0.0,13.9,1.0
2015-05-24,3552.0,0.0,0.0,0.0,0.0,0.0,0.0,1.0,0.0,15.234742477533768,0.0,14.45,1.0
2015-05-25,3474.0,1.0,0.0,0.0,0.0,0.0,0.0,0.0,1.0,15.269660522555178,0.0,13.35,1.0
2015-05-26,8508.0,0.0,1.0,0.0,0.0,0.0,0.0,0.0,0.0,15.303607475017559,0.0,16.7,1.0
2015-05-27,9542.0,0.0,0.0,1.0,0.0,0.0,0.0,0.0,0.0,15.336560616527413,0.0,18.049999999999997,1.0
2015-05-28,10284.0,0.0,0.0,0.0,1.0,0.0,0.0,0.0,0.0,15.36849744526262,0.0,20.0,1.0
2015-05-29,9096.0,0.0,0.0,0.0,0.0,1.0,0.0,0.0,0.0,15.399395723523126,0.0,19.450000000000003,1.0
2015-05-30,4616.0,0.0,0.0,0.0,0.0,0.0,1.0,0.0,0.0,15.4292335264187,0.0,16.4,1.0
2015-05-31,4502.0,0.0,0.0,0.0,0.0,0.0,0.0,1.0,0.0,15.457989291520516,0.0,18.35,1.0
2015-06-01,5978.0,1.0,0.0,0.0,0.0,0.0,0.0,0.0,0.0,15.485641869290665,0.18110236220472442,13.9,0.0
2015-06-02,6156.0,0.0,1.0,0.0,0.0,0.0,0.0,0.0,0.0,15.51217057408643,0.01968503937007874,15.3,0.0
2015-06-03,7316.0,0.0,0.0,1.0,0.0,0.0,0.0,0.0,0.0,15.537555235522687,0.0,15.85,1.0
2015-06-04,9274.0,0.0,0.0,0.0,1.0,0.0,0.0,0.0,0.0,15.561776249963314,0.0,17.25,1.0
2015-06-05,8666.0,0.0,0.0,0.0,0.0,1.0,0.0,0.0,0.0,15.584814631898631,0.0,19.75,1.0
2015-06-06,4950.0,0.0,0.0,0.0,0.0,0.0,1.0,0.0,0.0,15.606652064957403,0.0,21.35,1.0
2015-06-07,4974.0,0.0,0.0,0.0,0.0,0.0,0.0,1.0,0.0,15.627270952291873,0.0,23.35,1.0
2015-06-08,8950.0,1.0,0.0,0.0,0.0,0.0,0.0,0.0,0.0,15.646654466067682,0.0,22.5,1.0
2015-06-09,9870.0,0.0,1.0,0.0,0.0,0.0,0.0,0.0,0.0,15.664786595786659,0.0,21.65,1.0
2015-06-10,9954.0,0.0,0.0,1.0,0.0,0.0,0.0,0.0,0.0,15.681652195166485,0.0,18.35,1.0
2015-06-11,9438.0,0.0,0.0,0.0,1.0,0.0,0.0,0.0,0.0,15.697237027302918,0.0,17.75,1.0
2015-06-12,7538.0,0.0,0.0,0.0,0.0,1.0,0.0,0.0,0.0,15.711527807841543,0.0,15.85,1.0
2015-06-13,5376.0,0.0,0.0,0.0,0.0,0.0,1.0,0.0,0.0,15.72451224589238,0.0,16.65,1.0
2015-06-14,5112.0,0.0,0.0,0.0,0.0,0.0,0.0,1.0,0.0,15.736179082427755,0.0,19.75,1.0
2015-06-15,9162.0,1.0,0.0,0.0,0.0,0.0,0.0,0.0,0.0,15.746518125915365,0.0,23.05,1.0
2015-06-16,9102.0,0.0,1.0,0.0,0.0,0.0,0.0,0.0,0.0,15.755520284951455,0.0,16.95,1.0
2015-06-17,9422.0,0.0,0.0,1.0,0.0,0.0,0.0,0.0,0.0,15.763177597675192,0.0,18.05,1.0
2015-06-18,8568.0,0.0,0.0,0.0,1.0,0.0,0.0,0.0,0.0,15.769483257764167,0.0,19.15,1.0
2015-06-19,6834.0,0.0,0.0,0.0,0.0,1.0,0.0,0.0,0.0,15.774431636831416,0.01968503937007874,18.6,0.0
2015-06-20,4646.0,0.0,0.0,0.0,0.0,0.0,1.0,0.0,0.0,15.778018303067988,0.0,18.9,1.0
2015-06-21,4340.0,0.0,0.0,0.0,0.0,0.0,0.0,1.0,0.0,15.780240035999615,0.0,19.75,1.0
2015-06-22,8912.0,1.0,0.0,0.0,0.0,0.0,0.0,0.0,0.0,15.781094837252823,0.0,18.9,1.0
2015-06-23,9996.0,0.0,1.0,0.0,0.0,0.0,0.0,0.0,0.0,15.780581937253672,0.0,18.9,1.0
2015-06-24,9450.0,0.0,0.0,1.0,0.0,0.0,0.0,0.0,0.0,15.778701797811166,0.0,20.85,1.0
2015-06-25,9418.0,0.0,0.0,0.0,1.0,0.0,0.0,0.0,0.0,15.775456110566738,0.0,23.1,1.0
2015-06-26,7738.0,0.0,0.0,0.0,0.0,1.0,0.0,0.0,0.0,15.770847791321009,0.0,24.75,1.0
2015-06-27,4420.0,0.0,0.0,0.0,0.0,0.0,1.0,0.0,0.0,15.764880970278387,0.0,25.25,1.0
2015-06-28,4202.0,0.0,0.0,0.0,0.0,0.0,0.0,1.0,0.0,15.757560978279315,0.011811023622047244,23.3,0.0
2015-06-29,8362.0,1.0,0.0,0.0,0.0,0.0,0.0,0.0,0.0,15.748894329117896,0.0,23.049999999999997,1.0
2015-06-30,9310.0,0.0,1.0,0.0,0.0,0.0,0.0,0.0,0.0,15.73888869806977,0.0,22.8,1.0
2015-07-01,9302.0,0.0,0.0,1.0,0.0,0.0,0.0,0.0,0.0,15.727552896780265,0.0,24.700000000000003,1.0
2015-07-02,7874.0,0.0,0.0,0.0,1.0,0.0,0.0,0.0,0.0,15.714896844686796,0.0,25.85,1.0
2015-07-03,4626.0,0.0,0.0,0.0,0.0,1.0,0.0,0.0,1.0,15.700931537170487,0.0,25.549999999999997,1.0
2015-07-04,4886.0,0.0,0.0,0.0,0.0,0.0,1.0,0.0,0.0,15.68566901065172,0.0,24.15,1.0
2015-07-05,3838.0,0.0,0.0,0.0,0.0,0.0,0.0,1.0,0.0,15.669122304860583,0.0,24.75,1.0
2015-07-06,8132.0,1.0,0.0,0.0,0.0,0.0,0.0,0.0,0.0,15.65130542252754,0.0,22.5,1.0
2015-07-07,9270.0,0.0,1.0,0.0,0.0,0.0,0.0,0.0,0.0,15.632233286751251,0.0,20.55,1.0
2015-07-08,9522.0,0.0,0.0,1.0,0.0,0.0,0.0,0.0,0.0,15.611921696308471,0.0,22.2,1.0
2015-07-09,8958.0,0.0,0.0,0.0,1.0,0.0,0.0,0.0,0.0,15.590387279178115,0.0,21.65,1.0
2015-07-10,7544.0,0.0,0.0,0.0,0.0,1.0,0.0,0.0,0.0,15.567647444553366,0.0,18.9,1.0
2015-07-11,4106.0,0.0,0.0,0.0,0.0,0.0,1.0,0.0,0.0,15.543720333617856,0.0,19.45,1.0
2015-07-12,4074.0,0.0,0.0,0.0,0.0,0.0,0.0,1.0,0.0,15.51862476935906,0.0,21.4,1.0
2015-07-13,8138.0,1.0,0.0,0.0,0.0,0.0,0.0,0.0,0.0,15.492380205688237,0.0,20.85,1.0
2015-07-14,9590.0,0.0,1.0,0.0,0.0,0.0,0.0,0.0,0.0,15.465006676130335,0.0,21.950000000000003,1.0
2015-07-15,9372.0,0.0,0.0,1.0,0.0,0.0,0.0,0.0,0.0,15.43652474233795,0.0,20.25,1.0
2015-07-16,8848.0,0.0,0.0,0.0,1.0,0.0,0.0,0.0,0.0,15.406955442674672,0.0,20.55,1.0
2015-07-17,7626.0,0.0,0.0,0.0,0.0,1.0,0.0,0.0,0.0,15.376320241100386,0.0,20.85,1.0
2015-07-18,4390.0,0.0,0.0,0.0,0.0,0.0,1.0,0.0,0.0,15.344640976578518,0.0,25.549999999999997,1.0
2015-07-19,3926.0,0.0,0.0,0.0,0.0,0.0,0.0,1.0,0.0,15.31193981321181,0.0,26.1,1.0
2015-07-20,8426.0,1.0,0.0,0.0,0.0,0.0,0.0,0.0,0.0,15.278239191296962,0.0,21.7,1.0
2015-07-21,8536.0,0.0,1.0,0.0,0.0,0.0,0.0,0.0,0.0,15.243561779474417,0.0,19.45,1.0
2015-07-22,9296.0,0.0,0.0,1.0,0.0,0.0,0.0,0.0,0.0,15.207930428132608,0.0,18.9,1.0
2015-07-23,8718.0,0.0,0.0,0.0,1.0,0.0,0.0,0.0,0.0,15.171368124209774,0.0,20.25,1.0
2015-07-24,7256.0,0.0,0.0,0.0,0.0,1.0,0.0,0.0,0.0,15.133897947521291,0.011811023622047244,18.05,0.0
2015-07-25,2768.0,0.0,0.0,0.0,0.0,0.0,1.0,0.0,0.0,15.095543028722577,0.0,17.75,1.0
2015-07-26,2904.0,0.0,0.0,0.0,0.0,0.0,0.0,1.0,0.0,15.056326509003851,0.07874015748031496,18.05,0.0
2015-07-27,8204.0,1.0,0.0,0.0,0.0,0.0,0.0,0.0,0.0,15.016271501595588,0.0,17.75,1.0
2015-07-28,9430.0,0.0,1.0,0.0,0.0,0.0,0.0,0.0,0.0,14.97540105515038,0.0,20.85,1.0
2015-07-29,9468.0,0.0,0.0,1.0,0.0,0.0,0.0,0.0,0.0,14.933738119051753,0.0,23.3,1.0
2015-07-30,8758.0,0.0,0.0,0.0,1.0,0.0,0.0,0.0,0.0,14.891305510686731,0.0,25.799999999999997,1.0
2015-07-31,7774.0,0.0,0.0,0.0,0.0,1.0,0.0,0.0,0.0,14.848125884707606,0.0,26.1,1.0
2015-08-01,4438.0,0.0,0.0,0.0,0.0,0.0,1.0,0.0,0.0,14.80422170429458,0.0,24.45,1.0
2015-08-02,3766.0,0.0,0.0,0.0,0.0,0.0,0.0,1.0,0.0,14.759615214421759,0.0,23.35,1.0
2015-08-03,8486.0,1.0,0.0,0.0,0.0,0.0,0.0,0.0,0.0,14.714328417117834,0.0,22.75,1.0
2015-08-04,9310.0,0.0,1.0,0.0,0.0,0.0,0.0,0.0,0.0,14.668383048703408,0.0,20.25,1.0
2015-08-05,8216.0,0.0,0.0,1.0,0.0,0.0,0.0,0.0,0.0,14.621800558980047,0.0,17.75,1.0
2015-08-06,8590.0,0.0,0.0,0.0,1.0,0.0,0.0,0.0,0.0,14.574602092336589,0.0,20.0,1.0
2015-08-07,8200.0,0.0,0.0,0.0,0.0,1.0,0.0,0.0,0.0,14.526808470733876,0.0,21.95,1.0
2015-08-08,4028.0,0.0,0.0,0.0,0.0,0.0,1.0,0.0,0.0,14.478440178521945,0.0,20.3,1.0
2015-08-09,5890.0,0.0,0.0,0.0,0.0,0.0,0.0,1.0,0.0,14.429517349038889,0.0,21.65,1.0
2015-08-10,7796.0,1.0,0.0,0.0,0.0,0.0,0.0,0.0,0.0,14.380059752937834,0.0,22.5,1.0
2015-08-11,9060.0,0.0,1.0,0.0,0.0,0.0,0.0,0.0,0.0,14.33008678818285,0.0,23.35,1.0
2015-08-12,8806.0,0.0,0.0,1.0,0.0,0.0,0.0,0.0,0.0,14.279617471654115,0.2992125984251969,22.5,0.0
2015-08-13,8856.0,0.0,0.0,0.0,1.0,0.0,0.0,0.0,0.0,14.228670432299175,0.0,21.95,1.0
2015-08-14,4124.0,0.0,0.0,0.0,0.0,1.0,0.0,0.0,0.0,14.177263905765592,1.2007874015748032,16.65,0.0
2015-08-15,3404.0,0.0,0.0,0.0,0.0,0.0,1.0,0.0,0.0,14.12541573045069,0.0,17.8,1.0
2015-08-16,4666.0,0.0,0.0,0.0,0.0,0.0,0.0,1.0,0.0,14.073143344901414,0.0,19.7,1.0
2015-08-17,8638.0,1.0,0.0,0.0,0.0,0.0,0.0,0.0,0.0,14.020463786499745,0.0,20.55,1.0
2015-08-18,9016.0,0.0,1.0,0.0,0.0,0.0,0.0,0.0,0.0,13.967393691366963,0.0,22.5,1.0
2015-08-19,9096.0,0.0,0.0,1.0,0.0,0.0,0.0,0.0,0.0,13.91394929542297,0.0,23.9,1.0
2015-08-20,7692.0,0.0,0.0,0.0,1.0,0.0,0.0,0.0,0.0,13.86014643653647,0.07874015748031496,18.6,0.0
2015-08-21,7212.0,0.0,0.0,0.0,0.0,1.0,0.0,0.0,0.0,13.806000557703035,0.0,18.3,1.0
2015-08-22,4180.0,0.0,0.0,0.0,0.0,0.0,1.0,0.0,0.0,13.751526711191408,0.0,19.45,1.0
2015-08-23,4032.0,0.0,0.0,0.0,0.0,0.0,0.0,1.0,0.0,13.696739563596452,0.0,20.85,1.0
2015-08-24,8144.0,1.0,0.0,0.0,0.0,0.0,0.0,0.0,0.0,13.641653401743952,0.0,18.049999999999997,1.0
2015-08-25,8946.0,0.0,1.0,0.0,0.0,0.0,0.0,0.0,0.0,13.586282139389782,0.0,18.9,1.0
2015-08-26,8662.0,0.0,0.0,1.0,0.0,0.0,0.0,0.0,0.0,13.530639324660473,0.0,21.1,1.0
2015-08-27,8672.0,0.0,0.0,0.0,1.0,0.0,0.0,0.0,0.0,13.474738148185063,0.0,21.9,1.0
2015-08-28,5306.0,0.0,0.0,0.0,0.0,1.0,0.0,0.0,0.0,13.418591451867002,0.01968503937007874,19.45,0.0
2015-08-29,1398.0,0.0,0.0,0.0,0.0,0.0,1.0,0.0,0.0,13.362211738252084,1.279527559055118,17.75,0.0
2015-08-30,2426.0,0.0,0.0,0.0,0.0,0.0,0.0,1.0,0.0,13.30561118044585,0.4015748031496063,16.4,0.0
2015-08-31,5646.0,1.0,0.0,0.0,0.0,0.0,0.0,0.0,0.0,13.248801632538772,0.0,17.5,1.0
2015-09-01,5752.0,0.0,1.0,0.0,0.0,0.0,0.0,0.0,0.0,13.191794640500358,0.2283464566929134,16.65,0.0
